-4.197780472184247991e+00 -2.894587899399252873e+00 0.000000000000000000e+00
-4.197780472184247991e+00 -2.894587899399252873e+00 9.999999999999997780e-02
-4.197780472184247991e+00 -2.894587899399252873e+00 1.999999999999999556e-01
-4.276820156990494226e+00 -2.710868743550633564e+00 0.000000000000000000e+00
-4.276820156990494226e+00 -2.710868743550633564e+00 9.999999999999997780e-02
-4.276820156990494226e+00 -2.710868743550633564e+00 1.999999999999999556e-01
-4.355859841796740461e+00 -2.527149587702014699e+00 0.000000000000000000e+00
-4.355859841796740461e+00 -2.527149587702014699e+00 9.999999999999997780e-02
-4.355859841796740461e+00 -2.527149587702014699e+00 1.999999999999999556e-01
-4.434899526602986697e+00 -2.343430431853395390e+00 0.000000000000000000e+00
-4.434899526602986697e+00 -2.343430431853395390e+00 9.999999999999997780e-02
-4.434899526602986697e+00 -2.343430431853395390e+00 1.999999999999999556e-01
-4.513939211409232932e+00 -2.159711276004776082e+00 0.000000000000000000e+00
-4.513939211409232932e+00 -2.159711276004776082e+00 9.999999999999997780e-02
-4.513939211409232932e+00 -2.159711276004776082e+00 1.999999999999999556e-01
-4.592978896215479168e+00 -1.975992120156156995e+00 0.000000000000000000e+00
-4.592978896215479168e+00 -1.975992120156156995e+00 9.999999999999997780e-02
-4.592978896215479168e+00 -1.975992120156156995e+00 1.999999999999999556e-01
-4.672018581021725403e+00 -1.792272964307537686e+00 0.000000000000000000e+00
-4.672018581021725403e+00 -1.792272964307537686e+00 9.999999999999997780e-02
-4.672018581021725403e+00 -1.792272964307537686e+00 1.999999999999999556e-01
-4.751058265827971638e+00 -1.608553808458918599e+00 0.000000000000000000e+00
-4.751058265827971638e+00 -1.608553808458918377e+00 9.999999999999997780e-02
-4.751058265827971638e+00 -1.608553808458918599e+00 1.999999999999999556e-01
-4.830097950634217874e+00 -1.424834652610299290e+00 0.000000000000000000e+00
-4.830097950634217874e+00 -1.424834652610299290e+00 9.999999999999997780e-02
-4.830097950634217874e+00 -1.424834652610299290e+00 1.999999999999999556e-01
-4.909137635440464109e+00 -1.241115496761680204e+00 0.000000000000000000e+00
-4.909137635440464109e+00 -1.241115496761680204e+00 9.999999999999997780e-02
-4.909137635440464109e+00 -1.241115496761680204e+00 1.999999999999999556e-01
-4.988177320246710345e+00 -1.057396340913061117e+00 0.000000000000000000e+00
-4.988177320246710345e+00 -1.057396340913061117e+00 9.999999999999997780e-02
-4.988177320246710345e+00 -1.057396340913061117e+00 1.999999999999999556e-01
-3.956044740804486537e+00 -2.790588314127876224e+00 0.000000000000000000e+00
-3.956044740804486537e+00 -2.790588314127876224e+00 9.999999999999997780e-02
-3.956044740804486537e+00 -2.790588314127876224e+00 1.999999999999999556e-01
-4.035084425610732772e+00 -2.606869158279257359e+00 0.000000000000000000e+00
-4.035084425610732772e+00 -2.606869158279257359e+00 9.999999999999996392e-02
-4.035084425610732772e+00 -2.606869158279257359e+00 1.999999999999999556e-01
-4.114124110416979008e+00 -2.423150002430638050e+00 0.000000000000000000e+00
-4.114124110416979008e+00 -2.423150002430638050e+00 9.999999999999997780e-02
-4.114124110416979008e+00 -2.423150002430638050e+00 1.999999999999999556e-01
-4.193163795223225243e+00 -2.239430846582018741e+00 0.000000000000000000e+00
-4.193163795223225243e+00 -2.239430846582018741e+00 9.999999999999996392e-02
-4.193163795223225243e+00 -2.239430846582018741e+00 1.999999999999999556e-01
-4.272203480029471478e+00 -2.055711690733399877e+00 0.000000000000000000e+00
-4.272203480029471478e+00 -2.055711690733399877e+00 9.999999999999997780e-02
-4.272203480029471478e+00 -2.055711690733399877e+00 1.999999999999999556e-01
-4.351243164835717714e+00 -1.871992534884780568e+00 0.000000000000000000e+00
-4.351243164835717714e+00 -1.871992534884780568e+00 9.999999999999996392e-02
-4.351243164835717714e+00 -1.871992534884780568e+00 1.999999999999999556e-01
-4.430282849641963949e+00 -1.688273379036161259e+00 0.000000000000000000e+00
-4.430282849641963949e+00 -1.688273379036161259e+00 9.999999999999997780e-02
-4.430282849641963949e+00 -1.688273379036161259e+00 1.999999999999999556e-01
-4.509322534448210185e+00 -1.504554223187542394e+00 0.000000000000000000e+00
-4.509322534448210185e+00 -1.504554223187542172e+00 9.999999999999996392e-02
-4.509322534448210185e+00 -1.504554223187542394e+00 1.999999999999999556e-01
-4.588362219254456420e+00 -1.320835067338922864e+00 0.000000000000000000e+00
-4.588362219254456420e+00 -1.320835067338922864e+00 9.999999999999997780e-02
-4.588362219254456420e+00 -1.320835067338922864e+00 1.999999999999999556e-01
-4.667401904060702655e+00 -1.137115911490303777e+00 0.000000000000000000e+00
-4.667401904060702655e+00 -1.137115911490303999e+00 9.999999999999996392e-02
-4.667401904060702655e+00 -1.137115911490303777e+00 1.999999999999999556e-01
-4.746441588866948891e+00 -9.533967556416846900e-01 0.000000000000000000e+00
-4.746441588866948891e+00 -9.533967556416846900e-01 9.999999999999997780e-02
-4.746441588866948891e+00 -9.533967556416846900e-01 1.999999999999999556e-01
-3.714309009424724195e+00 -2.686588728856499575e+00 0.000000000000000000e+00
-3.714309009424724195e+00 -2.686588728856499575e+00 9.999999999999997780e-02
-3.714309009424724195e+00 -2.686588728856499575e+00 1.999999999999999556e-01
-3.793348694230970430e+00 -2.502869573007880266e+00 0.000000000000000000e+00
-3.793348694230970430e+00 -2.502869573007880266e+00 9.999999999999997780e-02
-3.793348694230970430e+00 -2.502869573007880266e+00 1.999999999999999556e-01
-3.872388379037216666e+00 -2.319150417159261401e+00 0.000000000000000000e+00
-3.872388379037216666e+00 -2.319150417159261401e+00 9.999999999999997780e-02
-3.872388379037216666e+00 -2.319150417159261401e+00 1.999999999999999556e-01
-3.951428063843462901e+00 -2.135431261310642093e+00 0.000000000000000000e+00
-3.951428063843462901e+00 -2.135431261310642093e+00 9.999999999999997780e-02
-3.951428063843462901e+00 -2.135431261310642093e+00 1.999999999999999556e-01
-4.030467748649709137e+00 -1.951712105462023006e+00 0.000000000000000000e+00
-4.030467748649709137e+00 -1.951712105462023006e+00 9.999999999999997780e-02
-4.030467748649709137e+00 -1.951712105462023006e+00 1.999999999999999556e-01
-4.109507433455955372e+00 -1.767992949613403697e+00 0.000000000000000000e+00
-4.109507433455955372e+00 -1.767992949613403697e+00 9.999999999999997780e-02
-4.109507433455955372e+00 -1.767992949613403697e+00 1.999999999999999556e-01
-4.188547118262201607e+00 -1.584273793764784388e+00 0.000000000000000000e+00
-4.188547118262201607e+00 -1.584273793764784388e+00 9.999999999999997780e-02
-4.188547118262201607e+00 -1.584273793764784388e+00 1.999999999999999556e-01
-4.267586803068447843e+00 -1.400554637916165523e+00 0.000000000000000000e+00
-4.267586803068447843e+00 -1.400554637916165523e+00 9.999999999999997780e-02
-4.267586803068447843e+00 -1.400554637916165523e+00 1.999999999999999556e-01
-4.346626487874694078e+00 -1.216835482067546215e+00 0.000000000000000000e+00
-4.346626487874694078e+00 -1.216835482067546215e+00 9.999999999999997780e-02
-4.346626487874694078e+00 -1.216835482067546215e+00 1.999999999999999556e-01
-4.425666172680940313e+00 -1.033116326218927128e+00 0.000000000000000000e+00
-4.425666172680940313e+00 -1.033116326218927128e+00 9.999999999999997780e-02
-4.425666172680940313e+00 -1.033116326218927128e+00 1.999999999999999556e-01
-4.504705857487186549e+00 -8.493971703703078191e-01 0.000000000000000000e+00
-4.504705857487186549e+00 -8.493971703703078191e-01 9.999999999999997780e-02
-4.504705857487186549e+00 -8.493971703703078191e-01 1.999999999999999556e-01
-3.472573278044960965e+00 -2.582589143585122482e+00 0.000000000000000000e+00
-3.472573278044962741e+00 -2.582589143585122926e+00 9.999999999999997780e-02
-3.472573278044962741e+00 -2.582589143585122926e+00 1.999999999999999556e-01
-3.551612962851208977e+00 -2.398869987736504061e+00 0.000000000000000000e+00
-3.551612962851209421e+00 -2.398869987736504505e+00 9.999999999999996392e-02
-3.551612962851208977e+00 -2.398869987736504061e+00 1.999999999999999556e-01
-3.630652647657455212e+00 -2.215150831887884753e+00 0.000000000000000000e+00
-3.630652647657455212e+00 -2.215150831887884753e+00 9.999999999999997780e-02
-3.630652647657455212e+00 -2.215150831887884753e+00 1.999999999999999556e-01
-3.709692332463701447e+00 -2.031431676039265444e+00 0.000000000000000000e+00
-3.709692332463702336e+00 -2.031431676039265444e+00 9.999999999999996392e-02
-3.709692332463701447e+00 -2.031431676039265444e+00 1.999999999999999556e-01
-3.788732017269947683e+00 -1.847712520190646357e+00 0.000000000000000000e+00
-3.788732017269947683e+00 -1.847712520190646357e+00 9.999999999999997780e-02
-3.788732017269947683e+00 -1.847712520190646357e+00 1.999999999999999556e-01
-3.867771702076193918e+00 -1.663993364342027270e+00 0.000000000000000000e+00
-3.867771702076194806e+00 -1.663993364342027492e+00 9.999999999999996392e-02
-3.867771702076193918e+00 -1.663993364342027270e+00 1.999999999999999556e-01
-3.946811386882440154e+00 -1.480274208493407961e+00 0.000000000000000000e+00
-3.946811386882440154e+00 -1.480274208493407961e+00 9.999999999999997780e-02
-3.946811386882440154e+00 -1.480274208493407961e+00 1.999999999999999556e-01
-4.025851071688686389e+00 -1.296555052644789097e+00 0.000000000000000000e+00
-4.025851071688687277e+00 -1.296555052644789097e+00 9.999999999999996392e-02
-4.025851071688686389e+00 -1.296555052644789097e+00 1.999999999999999556e-01
-4.104890756494932624e+00 -1.112835896796169566e+00 0.000000000000000000e+00
-4.104890756494932624e+00 -1.112835896796169566e+00 9.999999999999997780e-02
-4.104890756494932624e+00 -1.112835896796169566e+00 1.999999999999999556e-01
-4.183930441301178860e+00 -9.291167409475504790e-01 0.000000000000000000e+00
-4.183930441301179748e+00 -9.291167409475507011e-01 9.999999999999996392e-02
-4.183930441301178860e+00 -9.291167409475504790e-01 1.999999999999999556e-01
-4.262970126107425095e+00 -7.453975850989313923e-01 0.000000000000000000e+00
-4.262970126107425095e+00 -7.453975850989313923e-01 9.999999999999997780e-02
-4.262970126107425095e+00 -7.453975850989313923e-01 1.999999999999999556e-01
-3.230837546665200399e+00 -2.478589558313746277e+00 0.000000000000000000e+00
-3.230837546665200399e+00 -2.478589558313746277e+00 9.999999999999997780e-02
-3.230837546665200399e+00 -2.478589558313746277e+00 1.999999999999999556e-01
-3.309877231471446635e+00 -2.294870402465126968e+00 0.000000000000000000e+00
-3.309877231471446635e+00 -2.294870402465126968e+00 9.999999999999997780e-02
-3.309877231471446635e+00 -2.294870402465126968e+00 1.999999999999999556e-01
-3.388916916277692870e+00 -2.111151246616508104e+00 0.000000000000000000e+00
-3.388916916277692870e+00 -2.111151246616508104e+00 9.999999999999997780e-02
-3.388916916277692870e+00 -2.111151246616508104e+00 1.999999999999999556e-01
-3.467956601083939105e+00 -1.927432090767888573e+00 0.000000000000000000e+00
-3.467956601083939105e+00 -1.927432090767888573e+00 9.999999999999997780e-02
-3.467956601083939105e+00 -1.927432090767888573e+00 1.999999999999999556e-01
-3.546996285890185341e+00 -1.743712934919269486e+00 0.000000000000000000e+00
-3.546996285890185341e+00 -1.743712934919269486e+00 9.999999999999997780e-02
-3.546996285890185341e+00 -1.743712934919269486e+00 1.999999999999999556e-01
-3.626035970696431576e+00 -1.559993779070650399e+00 0.000000000000000000e+00
-3.626035970696431576e+00 -1.559993779070650399e+00 9.999999999999997780e-02
-3.626035970696431576e+00 -1.559993779070650399e+00 1.999999999999999556e-01
-3.705075655502677812e+00 -1.376274623222031090e+00 0.000000000000000000e+00
-3.705075655502677812e+00 -1.376274623222031090e+00 9.999999999999997780e-02
-3.705075655502677812e+00 -1.376274623222031090e+00 1.999999999999999556e-01
-3.784115340308924047e+00 -1.192555467373412004e+00 0.000000000000000000e+00
-3.784115340308924047e+00 -1.192555467373412004e+00 9.999999999999997780e-02
-3.784115340308924047e+00 -1.192555467373412004e+00 1.999999999999999556e-01
-3.863155025115170282e+00 -1.008836311524792695e+00 0.000000000000000000e+00
-3.863155025115170282e+00 -1.008836311524792695e+00 9.999999999999997780e-02
-3.863155025115170282e+00 -1.008836311524792695e+00 1.999999999999999556e-01
-3.942194709921416518e+00 -8.251171556761736081e-01 0.000000000000000000e+00
-3.942194709921416518e+00 -8.251171556761736081e-01 9.999999999999997780e-02
-3.942194709921416518e+00 -8.251171556761736081e-01 1.999999999999999556e-01
-4.021234394727662753e+00 -6.413979998275545213e-01 0.000000000000000000e+00
-4.021234394727662753e+00 -6.413979998275545213e-01 9.999999999999997780e-02
-4.021234394727662753e+00 -6.413979998275545213e-01 1.999999999999999556e-01
-2.989101815285437169e+00 -2.374589973042369184e+00 0.000000000000000000e+00
-2.989101815285438057e+00 -2.374589973042369628e+00 9.999999999999997780e-02
-2.989101815285437169e+00 -2.374589973042369184e+00 1.999999999999999556e-01
-3.068141500091683405e+00 -2.190870817193749875e+00 0.000000000000000000e+00
-3.068141500091682961e+00 -2.190870817193750320e+00 9.999999999999996392e-02
-3.068141500091683405e+00 -2.190870817193749875e+00 1.999999999999999556e-01
-3.147181184897929640e+00 -2.007151661345131011e+00 0.000000000000000000e+00
-3.147181184897929640e+00 -2.007151661345131011e+00 9.999999999999997780e-02
-3.147181184897929640e+00 -2.007151661345131011e+00 1.999999999999999556e-01
-3.226220869704176764e+00 -1.823432505496511924e+00 0.000000000000000000e+00
-3.226220869704175431e+00 -1.823432505496511480e+00 9.999999999999996392e-02
-3.226220869704176764e+00 -1.823432505496511924e+00 1.999999999999999556e-01
-3.305260554510422111e+00 -1.639713349647892393e+00 0.000000000000000000e+00
-3.305260554510422111e+00 -1.639713349647892393e+00 9.999999999999997780e-02
-3.305260554510422111e+00 -1.639713349647892393e+00 1.999999999999999556e-01
-3.384300239316668346e+00 -1.455994193799273084e+00 0.000000000000000000e+00
-3.384300239316668346e+00 -1.455994193799273084e+00 9.999999999999996392e-02
-3.384300239316668346e+00 -1.455994193799273084e+00 1.999999999999999556e-01
-3.463339924122914582e+00 -1.272275037950653997e+00 0.000000000000000000e+00
-3.463339924122914582e+00 -1.272275037950653997e+00 9.999999999999997780e-02
-3.463339924122914582e+00 -1.272275037950653997e+00 1.999999999999999556e-01
-3.542379608929162149e+00 -1.088555882102035133e+00 0.000000000000000000e+00
-3.542379608929160373e+00 -1.088555882102034467e+00 9.999999999999996392e-02
-3.542379608929162149e+00 -1.088555882102035133e+00 1.999999999999999556e-01
-3.621419293735407052e+00 -9.048367262534157129e-01 0.000000000000000000e+00
-3.621419293735407052e+00 -9.048367262534157129e-01 9.999999999999997780e-02
-3.621419293735407052e+00 -9.048367262534157129e-01 1.999999999999999556e-01
-3.700458978541653732e+00 -7.211175704047964041e-01 0.000000000000000000e+00
-3.700458978541653732e+00 -7.211175704047960711e-01 9.999999999999996392e-02
-3.700458978541653732e+00 -7.211175704047964041e-01 1.999999999999999556e-01
-3.779498663347899523e+00 -5.373984145561774284e-01 0.000000000000000000e+00
-3.779498663347899523e+00 -5.373984145561774284e-01 9.999999999999997780e-02
-3.779498663347899523e+00 -5.373984145561774284e-01 1.999999999999999556e-01
-2.747366083905674827e+00 -2.270590387770992535e+00 0.000000000000000000e+00
-2.747366083905674827e+00 -2.270590387770992535e+00 9.999999999999997780e-02
-2.747366083905674827e+00 -2.270590387770992535e+00 1.999999999999999556e-01
-2.826405768711921507e+00 -2.086871231922373227e+00 0.000000000000000000e+00
-2.826405768711921507e+00 -2.086871231922373227e+00 9.999999999999997780e-02
-2.826405768711921507e+00 -2.086871231922373227e+00 1.999999999999999556e-01
-2.905445453518167742e+00 -1.903152076073754140e+00 0.000000000000000000e+00
-2.905445453518167742e+00 -1.903152076073754140e+00 9.999999999999997780e-02
-2.905445453518167742e+00 -1.903152076073754140e+00 1.999999999999999556e-01
-2.984485138324413978e+00 -1.719432920225134831e+00 0.000000000000000000e+00
-2.984485138324414866e+00 -1.719432920225135275e+00 9.999999999999997780e-02
-2.984485138324413978e+00 -1.719432920225134831e+00 1.999999999999999556e-01
-3.063524823130660213e+00 -1.535713764376515744e+00 0.000000000000000000e+00
-3.063524823130660213e+00 -1.535713764376515744e+00 9.999999999999997780e-02
-3.063524823130660213e+00 -1.535713764376515744e+00 1.999999999999999556e-01
-3.142564507936906448e+00 -1.351994608527896435e+00 0.000000000000000000e+00
-3.142564507936907336e+00 -1.351994608527896879e+00 9.999999999999997780e-02
-3.142564507936906448e+00 -1.351994608527896435e+00 1.999999999999999556e-01
-3.221604192743152684e+00 -1.168275452679277127e+00 0.000000000000000000e+00
-3.221604192743152684e+00 -1.168275452679277127e+00 9.999999999999997780e-02
-3.221604192743152684e+00 -1.168275452679277127e+00 1.999999999999999556e-01
-3.300643877549399363e+00 -9.845562968306579288e-01 0.000000000000000000e+00
-3.300643877549400251e+00 -9.845562968306583729e-01 9.999999999999997780e-02
-3.300643877549399363e+00 -9.845562968306579288e-01 1.999999999999999556e-01
-3.379683562355645154e+00 -8.008371409820390641e-01 0.000000000000000000e+00
-3.379683562355645154e+00 -8.008371409820390641e-01 9.999999999999997780e-02
-3.379683562355645154e+00 -8.008371409820390641e-01 1.999999999999999556e-01
-3.458723247161891390e+00 -6.171179851334198663e-01 0.000000000000000000e+00
-3.458723247161892278e+00 -6.171179851334203104e-01 9.999999999999997780e-02
-3.458723247161891390e+00 -6.171179851334198663e-01 1.999999999999999556e-01
-3.537762931968138069e+00 -4.333988292848007795e-01 0.000000000000000000e+00
-3.537762931968138069e+00 -4.333988292848007795e-01 9.999999999999997780e-02
-3.537762931968138069e+00 -4.333988292848007795e-01 1.999999999999999556e-01
-2.505630352525913374e+00 -2.166590802499615886e+00 0.000000000000000000e+00
-2.505630352525913374e+00 -2.166590802499615886e+00 9.999999999999997780e-02
-2.505630352525913374e+00 -2.166590802499615886e+00 1.999999999999999556e-01
-2.584670037332159609e+00 -1.982871646650996800e+00 0.000000000000000000e+00
-2.584670037332159165e+00 -1.982871646650997022e+00 9.999999999999996392e-02
-2.584670037332159609e+00 -1.982871646650996800e+00 1.999999999999999556e-01
-2.663709722138405844e+00 -1.799152490802377491e+00 0.000000000000000000e+00
-2.663709722138405844e+00 -1.799152490802377491e+00 9.999999999999997780e-02
-2.663709722138405844e+00 -1.799152490802377491e+00 1.999999999999999556e-01
-2.742749406944652080e+00 -1.615433334953758182e+00 0.000000000000000000e+00
-2.742749406944652080e+00 -1.615433334953758404e+00 9.999999999999996392e-02
-2.742749406944652080e+00 -1.615433334953758182e+00 1.999999999999999556e-01
-2.821789091750898315e+00 -1.431714179105139095e+00 0.000000000000000000e+00
-2.821789091750898315e+00 -1.431714179105139095e+00 9.999999999999997780e-02
-2.821789091750898315e+00 -1.431714179105139095e+00 1.999999999999999556e-01
-2.900828776557144550e+00 -1.247995023256520009e+00 0.000000000000000000e+00
-2.900828776557144550e+00 -1.247995023256520009e+00 9.999999999999996392e-02
-2.900828776557144550e+00 -1.247995023256520009e+00 1.999999999999999556e-01
-2.979868461363390786e+00 -1.064275867407900700e+00 0.000000000000000000e+00
-2.979868461363390786e+00 -1.064275867407900700e+00 9.999999999999997780e-02
-2.979868461363390786e+00 -1.064275867407900700e+00 1.999999999999999556e-01
-3.058908146169637465e+00 -8.805567115592812799e-01 0.000000000000000000e+00
-3.058908146169638798e+00 -8.805567115592818350e-01 9.999999999999996392e-02
-3.058908146169637465e+00 -8.805567115592812799e-01 1.999999999999999556e-01
-3.137947830975883257e+00 -6.968375557106624152e-01 0.000000000000000000e+00
-3.137947830975883257e+00 -6.968375557106624152e-01 9.999999999999997780e-02
-3.137947830975883257e+00 -6.968375557106624152e-01 1.999999999999999556e-01
-3.216987515782129936e+00 -5.131183998620431064e-01 0.000000000000000000e+00
-3.216987515782131268e+00 -5.131183998620434394e-01 9.999999999999996392e-02
-3.216987515782129936e+00 -5.131183998620431064e-01 1.999999999999999556e-01
-3.296027200588375727e+00 -3.293992440134241306e-01 0.000000000000000000e+00
-3.296027200588375727e+00 -3.293992440134241306e-01 9.999999999999997780e-02
-3.296027200588375727e+00 -3.293992440134241306e-01 1.999999999999999556e-01
-2.263894621146151032e+00 -2.062591217228239238e+00 0.000000000000000000e+00
-2.263894621146151032e+00 -2.062591217228239238e+00 9.999999999999997780e-02
-2.263894621146151032e+00 -2.062591217228239238e+00 1.999999999999999556e-01
-2.342934305952397711e+00 -1.878872061379620151e+00 0.000000000000000000e+00
-2.342934305952397711e+00 -1.878872061379620151e+00 9.999999999999997780e-02
-2.342934305952397711e+00 -1.878872061379620151e+00 1.999999999999999556e-01
-2.421973990758643946e+00 -1.695152905531000842e+00 0.000000000000000000e+00
-2.421973990758643946e+00 -1.695152905531000842e+00 9.999999999999997780e-02
-2.421973990758643946e+00 -1.695152905531000842e+00 1.999999999999999556e-01
-2.501013675564890182e+00 -1.511433749682381533e+00 0.000000000000000000e+00
-2.501013675564890182e+00 -1.511433749682381533e+00 9.999999999999997780e-02
-2.501013675564890182e+00 -1.511433749682381533e+00 1.999999999999999556e-01
-2.580053360371136417e+00 -1.327714593833762446e+00 0.000000000000000000e+00
-2.580053360371136417e+00 -1.327714593833762446e+00 9.999999999999997780e-02
-2.580053360371136417e+00 -1.327714593833762446e+00 1.999999999999999556e-01
-2.659093045177382653e+00 -1.143995437985143360e+00 0.000000000000000000e+00
-2.659093045177382653e+00 -1.143995437985143360e+00 9.999999999999997780e-02
-2.659093045177382653e+00 -1.143995437985143360e+00 1.999999999999999556e-01
-2.738132729983628888e+00 -9.602762821365240509e-01 0.000000000000000000e+00
-2.738132729983628888e+00 -9.602762821365240509e-01 9.999999999999997780e-02
-2.738132729983628888e+00 -9.602762821365240509e-01 1.999999999999999556e-01
-2.817172414789875123e+00 -7.765571262879049641e-01 0.000000000000000000e+00
-2.817172414789875123e+00 -7.765571262879049641e-01 9.999999999999997780e-02
-2.817172414789875123e+00 -7.765571262879049641e-01 1.999999999999999556e-01
-2.896212099596121359e+00 -5.928379704392857663e-01 0.000000000000000000e+00
-2.896212099596121359e+00 -5.928379704392857663e-01 9.999999999999997780e-02
-2.896212099596121359e+00 -5.928379704392857663e-01 1.999999999999999556e-01
-2.975251784402367594e+00 -4.091188145906666240e-01 0.000000000000000000e+00
-2.975251784402367594e+00 -4.091188145906666240e-01 9.999999999999997780e-02
-2.975251784402367594e+00 -4.091188145906666240e-01 1.999999999999999556e-01
-3.054291469208614274e+00 -2.253996587420474818e-01 0.000000000000000000e+00
-3.054291469208614274e+00 -2.253996587420474818e-01 9.999999999999997780e-02
-3.054291469208614274e+00 -2.253996587420474818e-01 1.999999999999999556e-01
-2.022158889766388690e+00 -1.958591631956862589e+00 0.000000000000000000e+00
-2.022158889766388690e+00 -1.958591631956862589e+00 9.999999999999997780e-02
-2.022158889766388690e+00 -1.958591631956862589e+00 1.999999999999999556e-01
-2.101198574572635369e+00 -1.774872476108243502e+00 0.000000000000000000e+00
-2.101198574572634925e+00 -1.774872476108243724e+00 9.999999999999996392e-02
-2.101198574572635369e+00 -1.774872476108243502e+00 1.999999999999999556e-01
-2.180238259378881605e+00 -1.591153320259624193e+00 0.000000000000000000e+00
-2.180238259378881605e+00 -1.591153320259624193e+00 9.999999999999997780e-02
-2.180238259378881605e+00 -1.591153320259624193e+00 1.999999999999999556e-01
-2.259277944185127840e+00 -1.407434164411004884e+00 0.000000000000000000e+00
-2.259277944185127840e+00 -1.407434164411005106e+00 9.999999999999996392e-02
-2.259277944185127840e+00 -1.407434164411004884e+00 1.999999999999999556e-01
-2.338317628991374075e+00 -1.223715008562385798e+00 0.000000000000000000e+00
-2.338317628991374075e+00 -1.223715008562385798e+00 9.999999999999997780e-02
-2.338317628991374075e+00 -1.223715008562385798e+00 1.999999999999999556e-01
-2.417357313797620311e+00 -1.039995852713766711e+00 0.000000000000000000e+00
-2.417357313797620311e+00 -1.039995852713766711e+00 9.999999999999996392e-02
-2.417357313797620311e+00 -1.039995852713766711e+00 1.999999999999999556e-01
-2.496396998603866546e+00 -8.562766968651474020e-01 0.000000000000000000e+00
-2.496396998603866546e+00 -8.562766968651474020e-01 9.999999999999997780e-02
-2.496396998603866546e+00 -8.562766968651474020e-01 1.999999999999999556e-01
-2.575436683410112781e+00 -6.725575410165283152e-01 0.000000000000000000e+00
-2.575436683410112781e+00 -6.725575410165283152e-01 9.999999999999996392e-02
-2.575436683410112781e+00 -6.725575410165283152e-01 1.999999999999999556e-01
-2.654476368216359017e+00 -4.888383851679091174e-01 0.000000000000000000e+00
-2.654476368216359017e+00 -4.888383851679091174e-01 9.999999999999997780e-02
-2.654476368216359017e+00 -4.888383851679091174e-01 1.999999999999999556e-01
-2.733516053022605696e+00 -3.051192293192897531e-01 0.000000000000000000e+00
-2.733516053022605696e+00 -3.051192293192894756e-01 9.999999999999996392e-02
-2.733516053022605696e+00 -3.051192293192897531e-01 1.999999999999999556e-01
-2.812555737828851932e+00 -1.214000734706708329e-01 0.000000000000000000e+00
-2.812555737828851932e+00 -1.214000734706708329e-01 9.999999999999997780e-02
-2.812555737828851932e+00 -1.214000734706708329e-01 1.999999999999999556e-01
-1.780423158386627458e+00 -1.854592046685486162e+00 0.000000000000000000e+00
-1.780423158386627458e+00 -1.854592046685486162e+00 9.999999999999997780e-02
-1.780423158386627458e+00 -1.854592046685486162e+00 1.999999999999999556e-01
-1.859462843192873693e+00 -1.670872890836867075e+00 0.000000000000000000e+00
-1.859462843192873693e+00 -1.670872890836867075e+00 9.999999999999997780e-02
-1.859462843192873693e+00 -1.670872890836867075e+00 1.999999999999999556e-01
-1.938502527999119929e+00 -1.487153734988247766e+00 0.000000000000000000e+00
-1.938502527999119929e+00 -1.487153734988247766e+00 9.999999999999997780e-02
-1.938502527999119929e+00 -1.487153734988247766e+00 1.999999999999999556e-01
-2.017542212805367274e+00 -1.303434579139628902e+00 0.000000000000000000e+00
-2.017542212805367274e+00 -1.303434579139628902e+00 9.999999999999997780e-02
-2.017542212805367274e+00 -1.303434579139628902e+00 1.999999999999999556e-01
-2.096581897611613510e+00 -1.119715423291009815e+00 0.000000000000000000e+00
-2.096581897611613510e+00 -1.119715423291009815e+00 9.999999999999997780e-02
-2.096581897611613510e+00 -1.119715423291009815e+00 1.999999999999999556e-01
-2.175621582417859745e+00 -9.359962674423906170e-01 0.000000000000000000e+00
-2.175621582417859745e+00 -9.359962674423906170e-01 9.999999999999997780e-02
-2.175621582417859745e+00 -9.359962674423906170e-01 1.999999999999999556e-01
-2.254661267224105980e+00 -7.522771115937713082e-01 0.000000000000000000e+00
-2.254661267224105980e+00 -7.522771115937713082e-01 9.999999999999997780e-02
-2.254661267224105980e+00 -7.522771115937713082e-01 1.999999999999999556e-01
-2.333700952030352216e+00 -5.685579557451522215e-01 0.000000000000000000e+00
-2.333700952030352216e+00 -5.685579557451522215e-01 9.999999999999997780e-02
-2.333700952030352216e+00 -5.685579557451522215e-01 1.999999999999999556e-01
-2.412740636836597563e+00 -3.848387998965326906e-01 0.000000000000000000e+00
-2.412740636836597563e+00 -3.848387998965326906e-01 9.999999999999997780e-02
-2.412740636836597563e+00 -3.848387998965326906e-01 1.999999999999999556e-01
-2.491780321642843798e+00 -2.011196440479135483e-01 0.000000000000000000e+00
-2.491780321642843798e+00 -2.011196440479135483e-01 9.999999999999997780e-02
-2.491780321642843798e+00 -2.011196440479135483e-01 1.999999999999999556e-01
-2.570820006449090478e+00 -1.740048819929440604e-02 0.000000000000000000e+00
-2.570820006449090478e+00 -1.740048819929440604e-02 9.999999999999997780e-02
-2.570820006449090478e+00 -1.740048819929440604e-02 1.999999999999999556e-01
-1.538687427006865560e+00 -1.750592461414109513e+00 0.000000000000000000e+00
-1.538687427006865560e+00 -1.750592461414109513e+00 9.999999999999997780e-02
-1.538687427006865560e+00 -1.750592461414109513e+00 1.999999999999999556e-01
-1.617727111813111796e+00 -1.566873305565490426e+00 0.000000000000000000e+00
-1.617727111813112462e+00 -1.566873305565490870e+00 9.999999999999996392e-02
-1.617727111813111796e+00 -1.566873305565490426e+00 1.999999999999999556e-01
-1.696766796619358031e+00 -1.383154149716871117e+00 0.000000000000000000e+00
-1.696766796619358031e+00 -1.383154149716871117e+00 9.999999999999997780e-02
-1.696766796619358031e+00 -1.383154149716871117e+00 1.999999999999999556e-01
-1.775806481425604488e+00 -1.199434993868251809e+00 0.000000000000000000e+00
-1.775806481425604488e+00 -1.199434993868252031e+00 9.999999999999996392e-02
-1.775806481425604488e+00 -1.199434993868251809e+00 1.999999999999999556e-01
-1.854846166231850724e+00 -1.015715838019632722e+00 0.000000000000000000e+00
-1.854846166231850724e+00 -1.015715838019632722e+00 9.999999999999997780e-02
-1.854846166231850724e+00 -1.015715838019632722e+00 1.999999999999999556e-01
-1.933885851038096959e+00 -8.319966821710137461e-01 0.000000000000000000e+00
-1.933885851038096959e+00 -8.319966821710137461e-01 9.999999999999996392e-02
-1.933885851038096959e+00 -8.319966821710137461e-01 1.999999999999999556e-01
-2.012925535844343194e+00 -6.482775263223944373e-01 0.000000000000000000e+00
-2.012925535844343194e+00 -6.482775263223944373e-01 9.999999999999997780e-02
-2.012925535844343194e+00 -6.482775263223944373e-01 1.999999999999999556e-01
-2.091965220650589430e+00 -4.645583704737752395e-01 0.000000000000000000e+00
-2.091965220650590318e+00 -4.645583704737755726e-01 9.999999999999996392e-02
-2.091965220650589430e+00 -4.645583704737752395e-01 1.999999999999999556e-01
-2.171004905456835665e+00 -2.808392146251560417e-01 0.000000000000000000e+00
-2.171004905456835665e+00 -2.808392146251560417e-01 9.999999999999997780e-02
-2.171004905456835665e+00 -2.808392146251560417e-01 1.999999999999999556e-01
-2.250044590263082345e+00 -9.712005877653669128e-02 0.000000000000000000e+00
-2.250044590263082345e+00 -9.712005877653638597e-02 9.999999999999996392e-02
-2.250044590263082345e+00 -9.712005877653669128e-02 1.999999999999999556e-01
-2.329084275069328136e+00 8.659909707208224283e-02 0.000000000000000000e+00
-2.329084275069328136e+00 8.659909707208224283e-02 9.999999999999997780e-02
-2.329084275069328136e+00 8.659909707208224283e-02 1.999999999999999556e-01
-1.296951695627103218e+00 -1.646592876142732642e+00 0.000000000000000000e+00
-1.296951695627103218e+00 -1.646592876142732642e+00 9.999999999999997780e-02
-1.296951695627103218e+00 -1.646592876142732642e+00 1.999999999999999556e-01
-1.375991380433349454e+00 -1.462873720294113555e+00 0.000000000000000000e+00
-1.375991380433349454e+00 -1.462873720294113555e+00 9.999999999999997780e-02
-1.375991380433349454e+00 -1.462873720294113555e+00 1.999999999999999556e-01
-1.455031065239595689e+00 -1.279154564445494469e+00 0.000000000000000000e+00
-1.455031065239595689e+00 -1.279154564445494469e+00 9.999999999999997780e-02
-1.455031065239595689e+00 -1.279154564445494469e+00 1.999999999999999556e-01
-1.534070750045842146e+00 -1.095435408596875160e+00 0.000000000000000000e+00
-1.534070750045842146e+00 -1.095435408596875160e+00 9.999999999999997780e-02
-1.534070750045842146e+00 -1.095435408596875160e+00 1.999999999999999556e-01
-1.613110434852087716e+00 -9.117162527482557399e-01 0.000000000000000000e+00
-1.613110434852087716e+00 -9.117162527482557399e-01 9.999999999999997780e-02
-1.613110434852087716e+00 -9.117162527482557399e-01 1.999999999999999556e-01
-1.692150119658334617e+00 -7.279970968996369862e-01 0.000000000000000000e+00
-1.692150119658334617e+00 -7.279970968996369862e-01 9.999999999999997780e-02
-1.692150119658334617e+00 -7.279970968996369862e-01 1.999999999999999556e-01
-1.771189804464580853e+00 -5.442779410510180105e-01 0.000000000000000000e+00
-1.771189804464580853e+00 -5.442779410510180105e-01 9.999999999999997780e-02
-1.771189804464580853e+00 -5.442779410510180105e-01 1.999999999999999556e-01
-1.850229489270827088e+00 -3.605587852023985906e-01 0.000000000000000000e+00
-1.850229489270827088e+00 -3.605587852023985906e-01 9.999999999999997780e-02
-1.850229489270827088e+00 -3.605587852023985906e-01 1.999999999999999556e-01
-1.929269174077072879e+00 -1.768396293537789210e-01 0.000000000000000000e+00
-1.929269174077072879e+00 -1.768396293537789210e-01 9.999999999999997780e-02
-1.929269174077072879e+00 -1.768396293537789210e-01 1.999999999999999556e-01
-2.008308858883319559e+00 6.879526494839868257e-03 0.000000000000000000e+00
-2.008308858883319559e+00 6.879526494839868257e-03 9.999999999999997780e-02
-2.008308858883319559e+00 6.879526494839868257e-03 1.999999999999999556e-01
-2.087348543689565794e+00 1.905986823434590027e-01 0.000000000000000000e+00
-2.087348543689565794e+00 1.905986823434590027e-01 9.999999999999997780e-02
-2.087348543689565794e+00 1.905986823434590027e-01 1.999999999999999556e-01
-1.055215964247341542e+00 -1.542593290871356215e+00 0.000000000000000000e+00
-1.055215964247341542e+00 -1.542593290871356215e+00 9.999999999999997780e-02
-1.055215964247341542e+00 -1.542593290871356215e+00 1.999999999999999556e-01
-1.134255649053587778e+00 -1.358874135022737129e+00 0.000000000000000000e+00
-1.134255649053587778e+00 -1.358874135022737351e+00 9.999999999999996392e-02
-1.134255649053587778e+00 -1.358874135022737129e+00 1.999999999999999556e-01
-1.213295333859834013e+00 -1.175154979174117820e+00 0.000000000000000000e+00
-1.213295333859834013e+00 -1.175154979174117820e+00 9.999999999999997780e-02
-1.213295333859834013e+00 -1.175154979174117820e+00 1.999999999999999556e-01
-1.292335018666079360e+00 -9.914358233254981778e-01 0.000000000000000000e+00
-1.292335018666080471e+00 -9.914358233254987329e-01 9.999999999999996392e-02
-1.292335018666079360e+00 -9.914358233254981778e-01 1.999999999999999556e-01
-1.371374703472325596e+00 -8.077166674768790910e-01 0.000000000000000000e+00
-1.371374703472325596e+00 -8.077166674768790910e-01 9.999999999999997780e-02
-1.371374703472325596e+00 -8.077166674768790910e-01 1.999999999999999556e-01
-1.450414388278571831e+00 -6.239975116282598933e-01 0.000000000000000000e+00
-1.450414388278571831e+00 -6.239975116282598933e-01 9.999999999999996392e-02
-1.450414388278571831e+00 -6.239975116282598933e-01 1.999999999999999556e-01
-1.529454073084819177e+00 -4.402783557796411396e-01 0.000000000000000000e+00
-1.529454073084819177e+00 -4.402783557796411396e-01 9.999999999999997780e-02
-1.529454073084819177e+00 -4.402783557796411396e-01 1.999999999999999556e-01
-1.608493757891064302e+00 -2.565591999310216087e-01 0.000000000000000000e+00
-1.608493757891065412e+00 -2.565591999310220528e-01 9.999999999999996392e-02
-1.608493757891064302e+00 -2.565591999310216087e-01 1.999999999999999556e-01
-1.687533442697310759e+00 -7.284004408240228601e-02 0.000000000000000000e+00
-1.687533442697310759e+00 -7.284004408240228601e-02 9.999999999999997780e-02
-1.687533442697310759e+00 -7.284004408240228601e-02 1.999999999999999556e-01
-1.766573127503556995e+00 1.108791117662170506e-01 0.000000000000000000e+00
-1.766573127503557217e+00 1.108791117662173559e-01 9.999999999999996392e-02
-1.766573127503556995e+00 1.108791117662170506e-01 1.999999999999999556e-01
-1.845612812309804340e+00 2.945982676148355406e-01 0.000000000000000000e+00
-1.845612812309804340e+00 2.945982676148355406e-01 9.999999999999997780e-02
-1.845612812309804340e+00 2.945982676148355406e-01 1.999999999999999556e-01
-8.134802328675794225e-01 -1.438593705599979344e+00 0.000000000000000000e+00
-8.134802328675794225e-01 -1.438593705599979344e+00 9.999999999999997780e-02
-8.134802328675794225e-01 -1.438593705599979344e+00 1.999999999999999556e-01
-8.925199176738256579e-01 -1.254874549751360258e+00 0.000000000000000000e+00
-8.925199176738256579e-01 -1.254874549751360258e+00 9.999999999999997780e-02
-8.925199176738256579e-01 -1.254874549751360258e+00 1.999999999999999556e-01
-9.715596024800720043e-01 -1.071155393902741171e+00 0.000000000000000000e+00
-9.715596024800720043e-01 -1.071155393902741171e+00 9.999999999999997780e-02
-9.715596024800720043e-01 -1.071155393902741171e+00 1.999999999999999556e-01
-1.050599287286318351e+00 -8.874362380541218620e-01 0.000000000000000000e+00
-1.050599287286318351e+00 -8.874362380541218620e-01 9.999999999999997780e-02
-1.050599287286318351e+00 -8.874362380541218620e-01 1.999999999999999556e-01
-1.129638972092564586e+00 -7.037170822055027752e-01 0.000000000000000000e+00
-1.129638972092564586e+00 -7.037170822055027752e-01 9.999999999999997780e-02
-1.129638972092564586e+00 -7.037170822055027752e-01 1.999999999999999556e-01
-1.208678656898810821e+00 -5.199979263568835774e-01 0.000000000000000000e+00
-1.208678656898810821e+00 -5.199979263568835774e-01 9.999999999999997780e-02
-1.208678656898810821e+00 -5.199979263568835774e-01 1.999999999999999556e-01
-1.287718341705057279e+00 -3.362787705082642131e-01 0.000000000000000000e+00
-1.287718341705057279e+00 -3.362787705082642131e-01 9.999999999999997780e-02
-1.287718341705057279e+00 -3.362787705082642131e-01 1.999999999999999556e-01
-1.366758026511303514e+00 -1.525596146596451541e-01 0.000000000000000000e+00
-1.366758026511303514e+00 -1.525596146596451541e-01 9.999999999999997780e-02
-1.366758026511303514e+00 -1.525596146596451541e-01 1.999999999999999556e-01
-1.445797711317549750e+00 3.115954118897402980e-02 0.000000000000000000e+00
-1.445797711317549750e+00 3.115954118897402980e-02 9.999999999999997780e-02
-1.445797711317549750e+00 3.115954118897402980e-02 1.999999999999999556e-01
-1.524837396123795985e+00 2.148786970375931582e-01 0.000000000000000000e+00
-1.524837396123795985e+00 2.148786970375931582e-01 9.999999999999997780e-02
-1.524837396123795985e+00 2.148786970375931582e-01 1.999999999999999556e-01
-1.603877080930042220e+00 3.985978528862123005e-01 0.000000000000000000e+00
-1.603877080930042220e+00 3.985978528862123005e-01 9.999999999999997780e-02
-1.603877080930042220e+00 3.985978528862123005e-01 1.999999999999999556e-01
-5.717445014878174137e-01 -1.334594120328602918e+00 0.000000000000000000e+00
-5.717445014878174137e-01 -1.334594120328602918e+00 9.999999999999997780e-02
-5.717445014878174137e-01 -1.334594120328602918e+00 1.999999999999999556e-01
-6.507841862940626498e-01 -1.150874964479983387e+00 0.000000000000000000e+00
-6.507841862940625388e-01 -1.150874964479983387e+00 9.999999999999996392e-02
-6.507841862940626498e-01 -1.150874964479983387e+00 1.999999999999999556e-01
-7.298238711003099954e-01 -9.671558086313645219e-01 0.000000000000000000e+00
-7.298238711003099954e-01 -9.671558086313645219e-01 9.999999999999997780e-02
-7.298238711003099954e-01 -9.671558086313645219e-01 1.999999999999999556e-01
-8.088635559065553426e-01 -7.834366527827447690e-01 0.000000000000000000e+00
-8.088635559065552316e-01 -7.834366527827448801e-01 9.999999999999996392e-02
-8.088635559065553426e-01 -7.834366527827447690e-01 1.999999999999999556e-01
-8.879032407128015780e-01 -5.997174969341256823e-01 0.000000000000000000e+00
-8.879032407128015780e-01 -5.997174969341256823e-01 9.999999999999997780e-02
-8.879032407128015780e-01 -5.997174969341256823e-01 1.999999999999999556e-01
-9.669429255190478134e-01 -4.159983410855065400e-01 0.000000000000000000e+00
-9.669429255190478134e-01 -4.159983410855065400e-01 9.999999999999996392e-02
-9.669429255190478134e-01 -4.159983410855065400e-01 1.999999999999999556e-01
-1.045982610325294271e+00 -2.322791852368871757e-01 0.000000000000000000e+00
-1.045982610325294271e+00 -2.322791852368871757e-01 9.999999999999997780e-02
-1.045982610325294271e+00 -2.322791852368871757e-01 1.999999999999999556e-01
-1.125022295131540506e+00 -4.856002938826811666e-02 0.000000000000000000e+00
-1.125022295131540506e+00 -4.856002938826811666e-02 9.999999999999996392e-02
-1.125022295131540506e+00 -4.856002938826811666e-02 1.999999999999999556e-01
-1.204061979937787630e+00 1.351591264603506370e-01 0.000000000000000000e+00
-1.204061979937787630e+00 1.351591264603506370e-01 9.999999999999997780e-02
-1.204061979937787630e+00 1.351591264603506370e-01 1.999999999999999556e-01
-1.283101664744032977e+00 3.188782823089704177e-01 0.000000000000000000e+00
-1.283101664744033199e+00 3.188782823089706953e-01 9.999999999999996392e-02
-1.283101664744032977e+00 3.188782823089704177e-01 1.999999999999999556e-01
-1.362141349550280101e+00 5.025974381575888383e-01 0.000000000000000000e+00
-1.362141349550280101e+00 5.025974381575888383e-01 9.999999999999997780e-02
-1.362141349550280101e+00 5.025974381575888383e-01 1.999999999999999556e-01
-3.300087701080550717e-01 -1.230594535057226047e+00 0.000000000000000000e+00
-3.300087701080550717e-01 -1.230594535057226047e+00 9.999999999999997780e-02
-3.300087701080550717e-01 -1.230594535057226047e+00 1.999999999999999556e-01
-4.090484549143013071e-01 -1.046875379208606960e+00 0.000000000000000000e+00
-4.090484549143013071e-01 -1.046875379208606960e+00 9.999999999999997780e-02
-4.090484549143013071e-01 -1.046875379208606960e+00 1.999999999999999556e-01
-4.880881397205476535e-01 -8.631562233599876510e-01 0.000000000000000000e+00
-4.880881397205476535e-01 -8.631562233599876510e-01 9.999999999999997780e-02
-4.880881397205476535e-01 -8.631562233599876510e-01 1.999999999999999556e-01
-5.671278245267931117e-01 -6.794370675113680091e-01 0.000000000000000000e+00
-5.671278245267931117e-01 -6.794370675113680091e-01 9.999999999999997780e-02
-5.671278245267931117e-01 -6.794370675113680091e-01 1.999999999999999556e-01
-6.461675093330393471e-01 -4.957179116627489779e-01 0.000000000000000000e+00
-6.461675093330393471e-01 -4.957179116627489779e-01 9.999999999999997780e-02
-6.461675093330393471e-01 -4.957179116627489779e-01 1.999999999999999556e-01
-7.252071941392855825e-01 -3.119987558141297801e-01 0.000000000000000000e+00
-7.252071941392855825e-01 -3.119987558141297801e-01 9.999999999999997780e-02
-7.252071941392855825e-01 -3.119987558141297801e-01 1.999999999999999556e-01
-8.042468789455319289e-01 -1.282795999655104158e-01 0.000000000000000000e+00
-8.042468789455319289e-01 -1.282795999655104158e-01 9.999999999999997780e-02
-8.042468789455319289e-01 -1.282795999655104158e-01 1.999999999999999556e-01
-8.832865637517781643e-01 5.543955588310864324e-02 0.000000000000000000e+00
-8.832865637517781643e-01 5.543955588310864324e-02 9.999999999999997780e-02
-8.832865637517781643e-01 5.543955588310864324e-02 1.999999999999999556e-01
-9.623262485580253989e-01 2.391587117317274525e-01 0.000000000000000000e+00
-9.623262485580253989e-01 2.391587117317274525e-01 9.999999999999997780e-02
-9.623262485580253989e-01 2.391587117317274525e-01 1.999999999999999556e-01
-1.041365933364271523e+00 4.228778675803465670e-01 0.000000000000000000e+00
-1.041365933364271523e+00 4.228778675803465670e-01 9.999999999999997780e-02
-1.041365933364271523e+00 4.228778675803465670e-01 1.999999999999999556e-01
-1.120405618170517759e+00 6.065970234289657093e-01 0.000000000000000000e+00
-1.120405618170517759e+00 6.065970234289657093e-01 9.999999999999997780e-02
-1.120405618170517759e+00 6.065970234289657093e-01 1.999999999999999556e-01
-8.827303872829345144e-02 -1.126594949785849620e+00 0.000000000000000000e+00
-8.827303872829345144e-02 -1.126594949785849620e+00 9.999999999999997780e-02
-8.827303872829345144e-02 -1.126594949785849620e+00 1.999999999999999556e-01
-1.673127235345397701e-01 -9.428757939372303110e-01 0.000000000000000000e+00
-1.673127235345397146e-01 -9.428757939372304220e-01 9.999999999999996392e-02
-1.673127235345397701e-01 -9.428757939372303110e-01 1.999999999999999556e-01
-2.463524083407860610e-01 -7.591566380886111132e-01 0.000000000000000000e+00
-2.463524083407860610e-01 -7.591566380886111132e-01 9.999999999999997780e-02
-2.463524083407860610e-01 -7.591566380886111132e-01 1.999999999999999556e-01
-3.253920931470323796e-01 -5.754374822399918044e-01 0.000000000000000000e+00
-3.253920931470323796e-01 -5.754374822399918044e-01 9.999999999999996392e-02
-3.253920931470323796e-01 -5.754374822399918044e-01 1.999999999999999556e-01
-4.044317779532778379e-01 -3.917183263913723290e-01 0.000000000000000000e+00
-4.044317779532778379e-01 -3.917183263913723290e-01 9.999999999999997780e-02
-4.044317779532778379e-01 -3.917183263913723290e-01 1.999999999999999556e-01
-4.834714627595241287e-01 -2.079991705427531312e-01 0.000000000000000000e+00
-4.834714627595241287e-01 -2.079991705427531312e-01 9.999999999999996392e-02
-4.834714627595241287e-01 -2.079991705427531312e-01 1.999999999999999556e-01
-5.625111475657703641e-01 -2.428001469413396118e-02 0.000000000000000000e+00
-5.625111475657703641e-01 -2.428001469413396118e-02 9.999999999999997780e-02
-5.625111475657703641e-01 -2.428001469413396118e-02 1.999999999999999556e-01
-6.415508323720175987e-01 1.594391411544850701e-01 0.000000000000000000e+00
-6.415508323720175987e-01 1.594391411544850701e-01 9.999999999999996392e-02
-6.415508323720175987e-01 1.594391411544850701e-01 1.999999999999999556e-01
-7.205905171782638341e-01 3.431582970031041291e-01 0.000000000000000000e+00
-7.205905171782638341e-01 3.431582970031041291e-01 9.999999999999997780e-02
-7.205905171782638341e-01 3.431582970031041291e-01 1.999999999999999556e-01
-7.996302019845100695e-01 5.268774528517232714e-01 0.000000000000000000e+00
-7.996302019845100695e-01 5.268774528517233824e-01 9.999999999999996392e-02
-7.996302019845100695e-01 5.268774528517232714e-01 1.999999999999999556e-01
-8.786698867907563049e-01 7.105966087003422471e-01 0.000000000000000000e+00
-8.786698867907563049e-01 7.105966087003422471e-01 9.999999999999997780e-02
-8.786698867907563049e-01 7.105966087003422471e-01 1.999999999999999556e-01
1.534626926514689738e-01 -1.022595364514472749e+00 0.000000000000000000e+00
1.534626926514689738e-01 -1.022595364514472749e+00 9.999999999999997780e-02
1.534626926514689738e-01 -1.022595364514472749e+00 1.999999999999999556e-01
7.442300784522266899e-02 -8.388762086658534400e-01 0.000000000000000000e+00
7.442300784522271062e-02 -8.388762086658535511e-01 9.999999999999997780e-02
7.442300784522266899e-02 -8.388762086658534400e-01 1.999999999999999556e-01
-4.616676961024498808e-03 -6.551570528172345753e-01 0.000000000000000000e+00
-4.616676961024498808e-03 -6.551570528172345753e-01 9.999999999999997780e-02
-4.616676961024498808e-03 -6.551570528172345753e-01 1.999999999999999556e-01
-8.365636176726994055e-02 -4.714378969686149889e-01 0.000000000000000000e+00
-8.365636176726994055e-02 -4.714378969686149889e-01 9.999999999999997780e-02
-8.365636176726994055e-02 -4.714378969686149889e-01 1.999999999999999556e-01
-1.626960465735162731e-01 -2.877187411199957356e-01 0.000000000000000000e+00
-1.626960465735162731e-01 -2.877187411199957356e-01 9.999999999999997780e-02
-1.626960465735162731e-01 -2.877187411199957356e-01 1.999999999999999556e-01
-2.417357313797625085e-01 -1.039995852713766211e-01 0.000000000000000000e+00
-2.417357313797625085e-01 -1.039995852713766211e-01 9.999999999999997780e-02
-2.417357313797625085e-01 -1.039995852713766211e-01 1.999999999999999556e-01
-3.207754161860087994e-01 7.971957057724253504e-02 0.000000000000000000e+00
-3.207754161860087994e-01 7.971957057724253504e-02 9.999999999999997780e-02
-3.207754161860087994e-01 7.971957057724253504e-02 1.999999999999999556e-01
-3.998151009922551458e-01 2.634387264258619132e-01 0.000000000000000000e+00
-3.998151009922551458e-01 2.634387264258619132e-01 9.999999999999997780e-02
-3.998151009922551458e-01 2.634387264258619132e-01 1.999999999999999556e-01
-4.788547857985014922e-01 4.471578822744811665e-01 0.000000000000000000e+00
-4.788547857985014922e-01 4.471578822744811665e-01 9.999999999999997780e-02
-4.788547857985014922e-01 4.471578822744811665e-01 1.999999999999999556e-01
-5.578944706047476165e-01 6.308770381231001423e-01 0.000000000000000000e+00
-5.578944706047476165e-01 6.308770381231001423e-01 9.999999999999997780e-02
-5.578944706047476165e-01 6.308770381231001423e-01 1.999999999999999556e-01
-6.369341554109938519e-01 8.145961939717190070e-01 0.000000000000000000e+00
-6.369341554109938519e-01 8.145961939717190070e-01 9.999999999999997780e-02
-6.369341554109938519e-01 8.145961939717190070e-01 1.999999999999999556e-01
3.951984240312313990e-01 -9.185957792430958779e-01 0.000000000000000000e+00
3.951984240312313990e-01 -9.185957792430958779e-01 9.999999999999997780e-02
3.951984240312313990e-01 -9.185957792430958779e-01 1.999999999999999556e-01
3.161587392249842754e-01 -7.348766233944770132e-01 0.000000000000000000e+00
3.161587392249843309e-01 -7.348766233944771242e-01 9.999999999999996392e-02
3.161587392249842754e-01 -7.348766233944770132e-01 1.999999999999999556e-01
2.371190544187379845e-01 -5.511574675458577044e-01 0.000000000000000000e+00
2.371190544187379845e-01 -5.511574675458577044e-01 9.999999999999997780e-02
2.371190544187379845e-01 -5.511574675458577044e-01 1.999999999999999556e-01
1.580793696124916659e-01 -3.674383116972385066e-01 0.000000000000000000e+00
1.580793696124916103e-01 -3.674383116972383956e-01 9.999999999999996392e-02
1.580793696124916659e-01 -3.674383116972385066e-01 1.999999999999999556e-01
7.903968480624537496e-02 -1.837191558486193366e-01 0.000000000000000000e+00
7.903968480624537496e-02 -1.837191558486193366e-01 9.999999999999997780e-02
7.903968480624537496e-02 -1.837191558486193366e-01 1.999999999999999556e-01
-8.158769475513379969e-16 -3.510067117240390990e-16 0.000000000000000000e+00
-8.158769475513379969e-16 -3.510067117240390990e-16 9.999999999999996392e-02
-8.158769475513379969e-16 -3.510067117240390990e-16 1.999999999999999556e-01
-7.903968480624717907e-02 1.837191558486190035e-01 0.000000000000000000e+00
-7.903968480624717907e-02 1.837191558486190035e-01 9.999999999999997780e-02
-7.903968480624717907e-02 1.837191558486190035e-01 1.999999999999999556e-01
-1.580793696124943581e-01 3.674383116972380070e-01 0.000000000000000000e+00
-1.580793696124943581e-01 3.674383116972380070e-01 9.999999999999996392e-02
-1.580793696124943581e-01 3.674383116972380070e-01 1.999999999999999556e-01
-2.371190544187389559e-01 5.511574675458578154e-01 0.000000000000000000e+00
-2.371190544187389559e-01 5.511574675458578154e-01 9.999999999999997780e-02
-2.371190544187389559e-01 5.511574675458578154e-01 1.999999999999999556e-01
-3.161587392249851636e-01 7.348766233944767912e-01 0.000000000000000000e+00
-3.161587392249851636e-01 7.348766233944767912e-01 9.999999999999996392e-02
-3.161587392249851636e-01 7.348766233944767912e-01 1.999999999999999556e-01
-3.951984240312313990e-01 9.185957792430958779e-01 0.000000000000000000e+00
-3.951984240312313990e-01 9.185957792430958779e-01 9.999999999999997780e-02
-3.951984240312313990e-01 9.185957792430958779e-01 1.999999999999999556e-01
6.369341554109929637e-01 -8.145961939717194511e-01 0.000000000000000000e+00
6.369341554109929637e-01 -8.145961939717194511e-01 9.999999999999997780e-02
6.369341554109929637e-01 -8.145961939717194511e-01 1.999999999999999556e-01
5.578944706047467283e-01 -6.308770381231002533e-01 0.000000000000000000e+00
5.578944706047467283e-01 -6.308770381231002533e-01 9.999999999999997780e-02
5.578944706047467283e-01 -6.308770381231002533e-01 1.999999999999999556e-01
4.788547857985004375e-01 -4.471578822744810000e-01 0.000000000000000000e+00
4.788547857985004375e-01 -4.471578822744810000e-01 9.999999999999997780e-02
4.788547857985004375e-01 -4.471578822744810000e-01 1.999999999999999556e-01
3.998151009922533139e-01 -2.634387264258621353e-01 0.000000000000000000e+00
3.998151009922533139e-01 -2.634387264258621353e-01 9.999999999999997780e-02
3.998151009922533139e-01 -2.634387264258621353e-01 1.999999999999999556e-01
3.207754161860070785e-01 -7.971957057724304851e-02 0.000000000000000000e+00
3.207754161860070785e-01 -7.971957057724304851e-02 9.999999999999997780e-02
3.207754161860070785e-01 -7.971957057724304851e-02 1.999999999999999556e-01
2.417357313797607876e-01 1.039995852713761354e-01 0.000000000000000000e+00
2.417357313797607876e-01 1.039995852713761354e-01 9.999999999999997780e-02
2.417357313797607876e-01 1.039995852713761354e-01 1.999999999999999556e-01
1.626960465735144135e-01 2.877187411199955136e-01 0.000000000000000000e+00
1.626960465735144135e-01 2.877187411199955136e-01 9.999999999999997780e-02
1.626960465735144135e-01 2.877187411199955136e-01 1.999999999999999556e-01
8.365636176726819195e-02 4.714378969686145449e-01 0.000000000000000000e+00
8.365636176726819195e-02 4.714378969686145449e-01 9.999999999999997780e-02
8.365636176726819195e-02 4.714378969686145449e-01 1.999999999999999556e-01
4.616676961022718115e-03 6.551570528172341312e-01 0.000000000000000000e+00
4.616676961022718115e-03 6.551570528172341312e-01 9.999999999999997780e-02
4.616676961022718115e-03 6.551570528172341312e-01 1.999999999999999556e-01
-7.442300784522354329e-02 8.388762086658532180e-01 0.000000000000000000e+00
-7.442300784522354329e-02 8.388762086658532180e-01 9.999999999999997780e-02
-7.442300784522354329e-02 8.388762086658532180e-01 1.999999999999999556e-01
-1.534626926514698064e-01 1.022595364514472305e+00 0.000000000000000000e+00
-1.534626926514698064e-01 1.022595364514472305e+00 9.999999999999997780e-02
-1.534626926514698064e-01 1.022595364514472305e+00 1.999999999999999556e-01
8.786698867907554167e-01 -7.105966087003425802e-01 0.000000000000000000e+00
8.786698867907554167e-01 -7.105966087003425802e-01 9.999999999999997780e-02
8.786698867907554167e-01 -7.105966087003425802e-01 1.999999999999999556e-01
7.996302019845091813e-01 -5.268774528517233824e-01 0.000000000000000000e+00
7.996302019845092923e-01 -5.268774528517236044e-01 9.999999999999996392e-02
7.996302019845091813e-01 -5.268774528517233824e-01 1.999999999999999556e-01
7.205905171782628349e-01 -3.431582970031041846e-01 0.000000000000000000e+00
7.205905171782628349e-01 -3.431582970031041846e-01 9.999999999999997780e-02
7.205905171782628349e-01 -3.431582970031041846e-01 1.999999999999999556e-01
6.415508323720157113e-01 -1.594391411544852921e-01 0.000000000000000000e+00
6.415508323720157113e-01 -1.594391411544854031e-01 9.999999999999996392e-02
6.415508323720157113e-01 -1.594391411544852921e-01 1.999999999999999556e-01
5.625111475657694760e-01 2.428001469413377730e-02 0.000000000000000000e+00
5.625111475657694760e-01 2.428001469413377730e-02 9.999999999999997780e-02
5.625111475657694760e-01 2.428001469413377730e-02 1.999999999999999556e-01
4.834714627595231851e-01 2.079991705427529647e-01 0.000000000000000000e+00
4.834714627595231851e-01 2.079991705427529647e-01 9.999999999999996392e-02
4.834714627595231851e-01 2.079991705427529647e-01 1.999999999999999556e-01
4.044317779532768387e-01 3.917183263913723290e-01 0.000000000000000000e+00
4.044317779532768387e-01 3.917183263913723290e-01 9.999999999999997780e-02
4.044317779532768387e-01 3.917183263913723290e-01 1.999999999999999556e-01
3.253920931470306033e-01 5.754374822399913603e-01 0.000000000000000000e+00
3.253920931470306033e-01 5.754374822399913603e-01 9.999999999999996392e-02
3.253920931470306033e-01 5.754374822399913603e-01 1.999999999999999556e-01
2.463524083407851450e-01 7.591566380886108911e-01 0.000000000000000000e+00
2.463524083407851450e-01 7.591566380886108911e-01 9.999999999999997780e-02
2.463524083407851450e-01 7.591566380886108911e-01 1.999999999999999556e-01
1.673127235345387986e-01 9.428757939372303110e-01 0.000000000000000000e+00
1.673127235345386599e-01 9.428757939372305330e-01 9.999999999999996392e-02
1.673127235345387986e-01 9.428757939372303110e-01 1.999999999999999556e-01
8.827303872829261877e-02 1.126594949785849176e+00 0.000000000000000000e+00
8.827303872829261877e-02 1.126594949785849176e+00 9.999999999999997780e-02
8.827303872829261877e-02 1.126594949785849176e+00 1.999999999999999556e-01
1.120405618170517759e+00 -6.065970234289657093e-01 0.000000000000000000e+00
1.120405618170517759e+00 -6.065970234289657093e-01 9.999999999999997780e-02
1.120405618170517759e+00 -6.065970234289657093e-01 1.999999999999999556e-01
1.041365933364271523e+00 -4.228778675803465670e-01 0.000000000000000000e+00
1.041365933364271523e+00 -4.228778675803465670e-01 9.999999999999997780e-02
1.041365933364271523e+00 -4.228778675803465670e-01 1.999999999999999556e-01
9.623262485580252878e-01 -2.391587117317273414e-01 0.000000000000000000e+00
9.623262485580252878e-01 -2.391587117317273414e-01 9.999999999999997780e-02
9.623262485580252878e-01 -2.391587117317273414e-01 1.999999999999999556e-01
8.832865637517789414e-01 -5.543955588310810201e-02 0.000000000000000000e+00
8.832865637517789414e-01 -5.543955588310810201e-02 9.999999999999997780e-02
8.832865637517789414e-01 -5.543955588310810201e-02 1.999999999999999556e-01
8.042468789455327061e-01 1.282795999655109709e-01 0.000000000000000000e+00
8.042468789455327061e-01 1.282795999655109709e-01 9.999999999999997780e-02
8.042468789455327061e-01 1.282795999655109709e-01 1.999999999999999556e-01
7.252071941392855825e-01 3.119987558141297801e-01 0.000000000000000000e+00
7.252071941392855825e-01 3.119987558141297801e-01 9.999999999999997780e-02
7.252071941392855825e-01 3.119987558141297801e-01 1.999999999999999556e-01
6.461675093330392361e-01 4.957179116627491444e-01 0.000000000000000000e+00
6.461675093330392361e-01 4.957179116627491444e-01 9.999999999999997780e-02
6.461675093330392361e-01 4.957179116627491444e-01 1.999999999999999556e-01
5.671278245267930007e-01 6.794370675113682312e-01 0.000000000000000000e+00
5.671278245267930007e-01 6.794370675113682312e-01 9.999999999999997780e-02
5.671278245267930007e-01 6.794370675113682312e-01 1.999999999999999556e-01
4.880881397205475980e-01 8.631562233599877620e-01 0.000000000000000000e+00
4.880881397205475980e-01 8.631562233599877620e-01 9.999999999999997780e-02
4.880881397205475980e-01 8.631562233599877620e-01 1.999999999999999556e-01
4.090484549143013071e-01 1.046875379208606960e+00 0.000000000000000000e+00
4.090484549143013071e-01 1.046875379208606960e+00 9.999999999999997780e-02
4.090484549143013071e-01 1.046875379208606960e+00 1.999999999999999556e-01
3.300087701080550717e-01 1.230594535057226047e+00 0.000000000000000000e+00
3.300087701080550717e-01 1.230594535057226047e+00 9.999999999999997780e-02
3.300087701080550717e-01 1.230594535057226047e+00 1.999999999999999556e-01
1.362141349550279212e+00 -5.025974381575892824e-01 0.000000000000000000e+00
1.362141349550279212e+00 -5.025974381575892824e-01 9.999999999999997780e-02
1.362141349550279212e+00 -5.025974381575892824e-01 1.999999999999999556e-01
1.283101664744032977e+00 -3.188782823089701957e-01 0.000000000000000000e+00
1.283101664744032977e+00 -3.188782823089704177e-01 9.999999999999996392e-02
1.283101664744032977e+00 -3.188782823089701957e-01 1.999999999999999556e-01
1.204061979937786742e+00 -1.351591264603509701e-01 0.000000000000000000e+00
1.204061979937786742e+00 -1.351591264603509701e-01 9.999999999999997780e-02
1.204061979937786742e+00 -1.351591264603509701e-01 1.999999999999999556e-01
1.125022295131541394e+00 4.856002938826871340e-02 0.000000000000000000e+00
1.125022295131541394e+00 4.856002938826860932e-02 9.999999999999996392e-02
1.125022295131541394e+00 4.856002938826871340e-02 1.999999999999999556e-01
1.045982610325295159e+00 2.322791852368877863e-01 0.000000000000000000e+00
1.045982610325295159e+00 2.322791852368877863e-01 9.999999999999997780e-02
1.045982610325295159e+00 2.322791852368877863e-01 1.999999999999999556e-01
9.669429255190478134e-01 4.159983410855065400e-01 0.000000000000000000e+00
9.669429255190478134e-01 4.159983410855065400e-01 9.999999999999996392e-02
9.669429255190478134e-01 4.159983410855065400e-01 1.999999999999999556e-01
8.879032407128014670e-01 5.997174969341259043e-01 0.000000000000000000e+00
8.879032407128014670e-01 5.997174969341259043e-01 9.999999999999997780e-02
8.879032407128014670e-01 5.997174969341259043e-01 1.999999999999999556e-01
8.088635559065552316e-01 7.834366527827449911e-01 0.000000000000000000e+00
8.088635559065552316e-01 7.834366527827449911e-01 9.999999999999996392e-02
8.088635559065552316e-01 7.834366527827449911e-01 1.999999999999999556e-01
7.298238711003098844e-01 9.671558086313646330e-01 0.000000000000000000e+00
7.298238711003098844e-01 9.671558086313646330e-01 9.999999999999997780e-02
7.298238711003098844e-01 9.671558086313646330e-01 1.999999999999999556e-01
6.507841862940625388e-01 1.150874964479983387e+00 0.000000000000000000e+00
6.507841862940624278e-01 1.150874964479983831e+00 9.999999999999996392e-02
6.507841862940625388e-01 1.150874964479983387e+00 1.999999999999999556e-01
5.717445014878164145e-01 1.334594120328602473e+00 0.000000000000000000e+00
5.717445014878164145e-01 1.334594120328602473e+00 9.999999999999997780e-02
5.717445014878164145e-01 1.334594120328602473e+00 1.999999999999999556e-01
1.603877080930042220e+00 -3.985978528862123005e-01 0.000000000000000000e+00
1.603877080930042220e+00 -3.985978528862123005e-01 9.999999999999997780e-02
1.603877080930042220e+00 -3.985978528862123005e-01 1.999999999999999556e-01
1.524837396123795985e+00 -2.148786970375931582e-01 0.000000000000000000e+00
1.524837396123795985e+00 -2.148786970375931582e-01 9.999999999999997780e-02
1.524837396123795985e+00 -2.148786970375931582e-01 1.999999999999999556e-01
1.445797711317549750e+00 -3.115954118897392919e-02 0.000000000000000000e+00
1.445797711317549750e+00 -3.115954118897392919e-02 9.999999999999997780e-02
1.445797711317549750e+00 -3.115954118897392919e-02 1.999999999999999556e-01
1.366758026511303292e+00 1.525596146596453206e-01 0.000000000000000000e+00
1.366758026511303292e+00 1.525596146596453206e-01 9.999999999999997780e-02
1.366758026511303292e+00 1.525596146596453206e-01 1.999999999999999556e-01
1.287718341705057945e+00 3.362787705082648237e-01 0.000000000000000000e+00
1.287718341705057945e+00 3.362787705082648237e-01 9.999999999999997780e-02
1.287718341705057945e+00 3.362787705082648237e-01 1.999999999999999556e-01
1.208678656898810821e+00 5.199979263568835774e-01 0.000000000000000000e+00
1.208678656898810821e+00 5.199979263568835774e-01 9.999999999999997780e-02
1.208678656898810821e+00 5.199979263568835774e-01 1.999999999999999556e-01
1.129638972092564364e+00 7.037170822055028863e-01 0.000000000000000000e+00
1.129638972092564364e+00 7.037170822055028863e-01 9.999999999999997780e-02
1.129638972092564364e+00 7.037170822055028863e-01 1.999999999999999556e-01
1.050599287286318129e+00 8.874362380541219730e-01 0.000000000000000000e+00
1.050599287286318129e+00 8.874362380541219730e-01 9.999999999999997780e-02
1.050599287286318129e+00 8.874362380541219730e-01 1.999999999999999556e-01
9.715596024800727815e-01 1.071155393902741615e+00 0.000000000000000000e+00
9.715596024800727815e-01 1.071155393902741615e+00 9.999999999999997780e-02
9.715596024800727815e-01 1.071155393902741615e+00 1.999999999999999556e-01
8.925199176738256579e-01 1.254874549751360258e+00 0.000000000000000000e+00
8.925199176738256579e-01 1.254874549751360258e+00 9.999999999999997780e-02
8.925199176738256579e-01 1.254874549751360258e+00 1.999999999999999556e-01
8.134802328675794225e-01 1.438593705599979344e+00 0.000000000000000000e+00
8.134802328675794225e-01 1.438593705599979344e+00 9.999999999999997780e-02
8.134802328675794225e-01 1.438593705599979344e+00 1.999999999999999556e-01
1.845612812309803230e+00 -2.945982676148359847e-01 0.000000000000000000e+00
1.845612812309802342e+00 -2.945982676148364288e-01 9.999999999999997780e-02
1.845612812309803230e+00 -2.945982676148359847e-01 1.999999999999999556e-01
1.766573127503556995e+00 -1.108791117662168563e-01 0.000000000000000000e+00
1.766573127503556995e+00 -1.108791117662170506e-01 9.999999999999996392e-02
1.766573127503556995e+00 -1.108791117662168563e-01 1.999999999999999556e-01
1.687533442697310759e+00 7.284004408240238315e-02 0.000000000000000000e+00
1.687533442697310759e+00 7.284004408240238315e-02 9.999999999999997780e-02
1.687533442697310759e+00 7.284004408240238315e-02 1.999999999999999556e-01
1.608493757891065412e+00 2.565591999310220528e-01 0.000000000000000000e+00
1.608493757891065412e+00 2.565591999310219418e-01 9.999999999999996392e-02
1.608493757891065412e+00 2.565591999310220528e-01 1.999999999999999556e-01
1.529454073084819177e+00 4.402783557796411396e-01 0.000000000000000000e+00
1.529454073084819177e+00 4.402783557796411396e-01 9.999999999999997780e-02
1.529454073084819177e+00 4.402783557796411396e-01 1.999999999999999556e-01
1.450414388278572941e+00 6.239975116282603373e-01 0.000000000000000000e+00
1.450414388278572941e+00 6.239975116282603373e-01 9.999999999999996392e-02
1.450414388278572941e+00 6.239975116282603373e-01 1.999999999999999556e-01
1.371374703472325374e+00 8.077166674768792021e-01 0.000000000000000000e+00
1.371374703472325374e+00 8.077166674768792021e-01 9.999999999999997780e-02
1.371374703472325374e+00 8.077166674768792021e-01 1.999999999999999556e-01
1.292335018666080249e+00 9.914358233254987329e-01 0.000000000000000000e+00
1.292335018666080249e+00 9.914358233254987329e-01 9.999999999999996392e-02
1.292335018666080249e+00 9.914358233254987329e-01 1.999999999999999556e-01
1.213295333859834013e+00 1.175154979174118042e+00 0.000000000000000000e+00
1.213295333859834013e+00 1.175154979174118042e+00 9.999999999999997780e-02
1.213295333859834013e+00 1.175154979174118042e+00 1.999999999999999556e-01
1.134255649053587778e+00 1.358874135022737351e+00 0.000000000000000000e+00
1.134255649053587556e+00 1.358874135022737573e+00 9.999999999999996392e-02
1.134255649053587778e+00 1.358874135022737351e+00 1.999999999999999556e-01
1.055215964247340432e+00 1.542593290871355771e+00 0.000000000000000000e+00
1.055215964247339544e+00 1.542593290871355327e+00 9.999999999999997780e-02
1.055215964247340432e+00 1.542593290871355771e+00 1.999999999999999556e-01
2.087348543689565350e+00 -1.905986823434593358e-01 0.000000000000000000e+00
2.087348543689565350e+00 -1.905986823434593358e-01 9.999999999999997780e-02
2.087348543689565350e+00 -1.905986823434593358e-01 1.999999999999999556e-01
2.008308858883319115e+00 -6.879526494840201324e-03 0.000000000000000000e+00
2.008308858883319115e+00 -6.879526494840201324e-03 9.999999999999997780e-02
2.008308858883319115e+00 -6.879526494840201324e-03 1.999999999999999556e-01
1.929269174077072879e+00 1.768396293537790320e-01 0.000000000000000000e+00
1.929269174077072879e+00 1.768396293537790320e-01 9.999999999999997780e-02
1.929269174077072879e+00 1.768396293537790320e-01 1.999999999999999556e-01
1.850229489270826422e+00 3.605587852023982576e-01 0.000000000000000000e+00
1.850229489270826422e+00 3.605587852023982576e-01 9.999999999999997780e-02
1.850229489270826422e+00 3.605587852023982576e-01 1.999999999999999556e-01
1.771189804464580186e+00 5.442779410510173443e-01 0.000000000000000000e+00
1.771189804464580186e+00 5.442779410510173443e-01 9.999999999999997780e-02
1.771189804464580186e+00 5.442779410510173443e-01 1.999999999999999556e-01
1.692150119658333951e+00 7.279970968996365421e-01 0.000000000000000000e+00
1.692150119658333951e+00 7.279970968996365421e-01 9.999999999999997780e-02
1.692150119658333951e+00 7.279970968996365421e-01 1.999999999999999556e-01
1.613110434852087494e+00 9.117162527482558509e-01 0.000000000000000000e+00
1.613110434852087494e+00 9.117162527482558509e-01 9.999999999999997780e-02
1.613110434852087494e+00 9.117162527482558509e-01 1.999999999999999556e-01
1.534070750045841258e+00 1.095435408596874938e+00 0.000000000000000000e+00
1.534070750045841258e+00 1.095435408596874938e+00 9.999999999999997780e-02
1.534070750045841258e+00 1.095435408596874938e+00 1.999999999999999556e-01
1.455031065239595023e+00 1.279154564445494247e+00 0.000000000000000000e+00
1.455031065239595023e+00 1.279154564445494247e+00 9.999999999999997780e-02
1.455031065239595023e+00 1.279154564445494247e+00 1.999999999999999556e-01
1.375991380433348787e+00 1.462873720294113333e+00 0.000000000000000000e+00
1.375991380433348787e+00 1.462873720294113333e+00 9.999999999999997780e-02
1.375991380433348787e+00 1.462873720294113333e+00 1.999999999999999556e-01
1.296951695627102552e+00 1.646592876142732420e+00 0.000000000000000000e+00
1.296951695627102552e+00 1.646592876142732420e+00 9.999999999999997780e-02
1.296951695627102552e+00 1.646592876142732420e+00 1.999999999999999556e-01
2.329084275069327248e+00 -8.659909707208279794e-02 0.000000000000000000e+00
2.329084275069327248e+00 -8.659909707208279794e-02 9.999999999999997780e-02
2.329084275069327248e+00 -8.659909707208279794e-02 1.999999999999999556e-01
2.250044590263080568e+00 9.712005877653633046e-02 0.000000000000000000e+00
2.250044590263081012e+00 9.712005877653613617e-02 9.999999999999996392e-02
2.250044590263080568e+00 9.712005877653633046e-02 1.999999999999999556e-01
2.171004905456834333e+00 2.808392146251555976e-01 0.000000000000000000e+00
2.171004905456834333e+00 2.808392146251555976e-01 9.999999999999997780e-02
2.171004905456834333e+00 2.808392146251555976e-01 1.999999999999999556e-01
2.091965220650588098e+00 4.645583704737747954e-01 0.000000000000000000e+00
2.091965220650588098e+00 4.645583704737746844e-01 9.999999999999996392e-02
2.091965220650588098e+00 4.645583704737747954e-01 1.999999999999999556e-01
2.012925535844341862e+00 6.482775263223938822e-01 0.000000000000000000e+00
2.012925535844341862e+00 6.482775263223938822e-01 9.999999999999997780e-02
2.012925535844341862e+00 6.482775263223938822e-01 1.999999999999999556e-01
1.933885851038095627e+00 8.319966821710130800e-01 0.000000000000000000e+00
1.933885851038095627e+00 8.319966821710130800e-01 9.999999999999996392e-02
1.933885851038095627e+00 8.319966821710130800e-01 1.999999999999999556e-01
1.854846166231849169e+00 1.015715838019632500e+00 0.000000000000000000e+00
1.854846166231849169e+00 1.015715838019632500e+00 9.999999999999997780e-02
1.854846166231849169e+00 1.015715838019632500e+00 1.999999999999999556e-01
1.775806481425602934e+00 1.199434993868251587e+00 0.000000000000000000e+00
1.775806481425602934e+00 1.199434993868251587e+00 9.999999999999996392e-02
1.775806481425602934e+00 1.199434993868251587e+00 1.999999999999999556e-01
1.696766796619356699e+00 1.383154149716870673e+00 0.000000000000000000e+00
1.696766796619356699e+00 1.383154149716870673e+00 9.999999999999997780e-02
1.696766796619356699e+00 1.383154149716870673e+00 1.999999999999999556e-01
1.617727111813110463e+00 1.566873305565489982e+00 0.000000000000000000e+00
1.617727111813110241e+00 1.566873305565490426e+00 9.999999999999996392e-02
1.617727111813110463e+00 1.566873305565489982e+00 1.999999999999999556e-01
1.538687427006864228e+00 1.750592461414108847e+00 0.000000000000000000e+00
1.538687427006864228e+00 1.750592461414108847e+00 9.999999999999997780e-02
1.538687427006864228e+00 1.750592461414108847e+00 1.999999999999999556e-01
2.570820006449090478e+00 1.740048819929440604e-02 0.000000000000000000e+00
2.570820006449090478e+00 1.740048819929440604e-02 9.999999999999997780e-02
2.570820006449090478e+00 1.740048819929440604e-02 1.999999999999999556e-01
2.491780321642843798e+00 2.011196440479135483e-01 0.000000000000000000e+00
2.491780321642843798e+00 2.011196440479135483e-01 9.999999999999997780e-02
2.491780321642843798e+00 2.011196440479135483e-01 1.999999999999999556e-01
2.412740636836597563e+00 3.848387998965328016e-01 0.000000000000000000e+00
2.412740636836597563e+00 3.848387998965328016e-01 9.999999999999997780e-02
2.412740636836597563e+00 3.848387998965328016e-01 1.999999999999999556e-01
2.333700952030351328e+00 5.685579557451519994e-01 0.000000000000000000e+00
2.333700952030351328e+00 5.685579557451519994e-01 9.999999999999997780e-02
2.333700952030351328e+00 5.685579557451519994e-01 1.999999999999999556e-01
2.254661267224105092e+00 7.522771115937710862e-01 0.000000000000000000e+00
2.254661267224105092e+00 7.522771115937710862e-01 9.999999999999997780e-02
2.254661267224105092e+00 7.522771115937710862e-01 1.999999999999999556e-01
2.175621582417858857e+00 9.359962674423902840e-01 0.000000000000000000e+00
2.175621582417858857e+00 9.359962674423902840e-01 9.999999999999997780e-02
2.175621582417858857e+00 9.359962674423902840e-01 1.999999999999999556e-01
2.096581897611612622e+00 1.119715423291009593e+00 0.000000000000000000e+00
2.096581897611612622e+00 1.119715423291009593e+00 9.999999999999997780e-02
2.096581897611612622e+00 1.119715423291009593e+00 1.999999999999999556e-01
2.017542212805366386e+00 1.303434579139628680e+00 0.000000000000000000e+00
2.017542212805366386e+00 1.303434579139628680e+00 9.999999999999997780e-02
2.017542212805366386e+00 1.303434579139628680e+00 1.999999999999999556e-01
1.938502527999119929e+00 1.487153734988247988e+00 0.000000000000000000e+00
1.938502527999119929e+00 1.487153734988247988e+00 9.999999999999997780e-02
1.938502527999119929e+00 1.487153734988247988e+00 1.999999999999999556e-01
1.859462843192873693e+00 1.670872890836867075e+00 0.000000000000000000e+00
1.859462843192873693e+00 1.670872890836867075e+00 9.999999999999997780e-02
1.859462843192873693e+00 1.670872890836867075e+00 1.999999999999999556e-01
1.780423158386627458e+00 1.854592046685486162e+00 0.000000000000000000e+00
1.780423158386627458e+00 1.854592046685486162e+00 9.999999999999997780e-02
1.780423158386627458e+00 1.854592046685486162e+00 1.999999999999999556e-01
2.812555737828851932e+00 1.214000734706708329e-01 0.000000000000000000e+00
2.812555737828851932e+00 1.214000734706708329e-01 9.999999999999997780e-02
2.812555737828851932e+00 1.214000734706708329e-01 1.999999999999999556e-01
2.733516053022605252e+00 3.051192293192899752e-01 0.000000000000000000e+00
2.733516053022605696e+00 3.051192293192897531e-01 9.999999999999996392e-02
2.733516053022605252e+00 3.051192293192899752e-01 1.999999999999999556e-01
2.654476368216359017e+00 4.888383851679092285e-01 0.000000000000000000e+00
2.654476368216359017e+00 4.888383851679092285e-01 9.999999999999997780e-02
2.654476368216359017e+00 4.888383851679092285e-01 1.999999999999999556e-01
2.575436683410112781e+00 6.725575410165284262e-01 0.000000000000000000e+00
2.575436683410112781e+00 6.725575410165283152e-01 9.999999999999996392e-02
2.575436683410112781e+00 6.725575410165284262e-01 1.999999999999999556e-01
2.496396998603866546e+00 8.562766968651475130e-01 0.000000000000000000e+00
2.496396998603866546e+00 8.562766968651475130e-01 9.999999999999997780e-02
2.496396998603866546e+00 8.562766968651475130e-01 1.999999999999999556e-01
2.417357313797620311e+00 1.039995852713766711e+00 0.000000000000000000e+00
2.417357313797620311e+00 1.039995852713766711e+00 9.999999999999996392e-02
2.417357313797620311e+00 1.039995852713766711e+00 1.999999999999999556e-01
2.338317628991374075e+00 1.223715008562386020e+00 0.000000000000000000e+00
2.338317628991374075e+00 1.223715008562386020e+00 9.999999999999997780e-02
2.338317628991374075e+00 1.223715008562386020e+00 1.999999999999999556e-01
2.259277944185127840e+00 1.407434164411005106e+00 0.000000000000000000e+00
2.259277944185127840e+00 1.407434164411005106e+00 9.999999999999996392e-02
2.259277944185127840e+00 1.407434164411005106e+00 1.999999999999999556e-01
2.180238259378881605e+00 1.591153320259624415e+00 0.000000000000000000e+00
2.180238259378881605e+00 1.591153320259624415e+00 9.999999999999997780e-02
2.180238259378881605e+00 1.591153320259624415e+00 1.999999999999999556e-01
2.101198574572634925e+00 1.774872476108243724e+00 0.000000000000000000e+00
2.101198574572634925e+00 1.774872476108243946e+00 9.999999999999996392e-02
2.101198574572634925e+00 1.774872476108243724e+00 1.999999999999999556e-01
2.022158889766388690e+00 1.958591631956862589e+00 0.000000000000000000e+00
2.022158889766388690e+00 1.958591631956862589e+00 9.999999999999997780e-02
2.022158889766388690e+00 1.958591631956862589e+00 1.999999999999999556e-01
3.054291469208615162e+00 2.253996587420481479e-01 0.000000000000000000e+00
3.054291469208615162e+00 2.253996587420481479e-01 9.999999999999997780e-02
3.054291469208615162e+00 2.253996587420481479e-01 1.999999999999999556e-01
2.975251784402368482e+00 4.091188145906672902e-01 0.000000000000000000e+00
2.975251784402367594e+00 4.091188145906666240e-01 9.999999999999997780e-02
2.975251784402368482e+00 4.091188145906672902e-01 1.999999999999999556e-01
2.896212099596121359e+00 5.928379704392858773e-01 0.000000000000000000e+00
2.896212099596121359e+00 5.928379704392858773e-01 9.999999999999997780e-02
2.896212099596121359e+00 5.928379704392858773e-01 1.999999999999999556e-01
2.817172414789876012e+00 7.765571262879057413e-01 0.000000000000000000e+00
2.817172414789876012e+00 7.765571262879057413e-01 9.999999999999997780e-02
2.817172414789876012e+00 7.765571262879057413e-01 1.999999999999999556e-01
2.738132729983629776e+00 9.602762821365248280e-01 0.000000000000000000e+00
2.738132729983629776e+00 9.602762821365248280e-01 9.999999999999997780e-02
2.738132729983629776e+00 9.602762821365248280e-01 1.999999999999999556e-01
2.659093045177383541e+00 1.143995437985144026e+00 0.000000000000000000e+00
2.659093045177383541e+00 1.143995437985144026e+00 9.999999999999997780e-02
2.659093045177383541e+00 1.143995437985144026e+00 1.999999999999999556e-01
2.580053360371138194e+00 1.327714593833763557e+00 0.000000000000000000e+00
2.580053360371138194e+00 1.327714593833763557e+00 9.999999999999997780e-02
2.580053360371138194e+00 1.327714593833763557e+00 1.999999999999999556e-01
2.501013675564891070e+00 1.511433749682382421e+00 0.000000000000000000e+00
2.501013675564891070e+00 1.511433749682382421e+00 9.999999999999997780e-02
2.501013675564891070e+00 1.511433749682382421e+00 1.999999999999999556e-01
2.421973990758644835e+00 1.695152905531001730e+00 0.000000000000000000e+00
2.421973990758644835e+00 1.695152905531001730e+00 9.999999999999997780e-02
2.421973990758644835e+00 1.695152905531001730e+00 1.999999999999999556e-01
2.342934305952398599e+00 1.878872061379620817e+00 0.000000000000000000e+00
2.342934305952398599e+00 1.878872061379620817e+00 9.999999999999997780e-02
2.342934305952398599e+00 1.878872061379620817e+00 1.999999999999999556e-01
2.263894621146151920e+00 2.062591217228240126e+00 0.000000000000000000e+00
2.263894621146151920e+00 2.062591217228240126e+00 9.999999999999997780e-02
2.263894621146151920e+00 2.062591217228240126e+00 1.999999999999999556e-01
3.296027200588377504e+00 3.293992440134247968e-01 0.000000000000000000e+00
3.296027200588377504e+00 3.293992440134247968e-01 9.999999999999997780e-02
3.296027200588377504e+00 3.293992440134247968e-01 1.999999999999999556e-01
3.216987515782130824e+00 5.131183998620438835e-01 0.000000000000000000e+00
3.216987515782132601e+00 5.131183998620444386e-01 9.999999999999996392e-02
3.216987515782130824e+00 5.131183998620438835e-01 1.999999999999999556e-01
3.137947830975882368e+00 6.968375557106623042e-01 0.000000000000000000e+00
3.137947830975882368e+00 6.968375557106623042e-01 9.999999999999997780e-02
3.137947830975882368e+00 6.968375557106623042e-01 1.999999999999999556e-01
3.058908146169638353e+00 8.805567115592823901e-01 0.000000000000000000e+00
3.058908146169638353e+00 8.805567115592822791e-01 9.999999999999996392e-02
3.058908146169638353e+00 8.805567115592823901e-01 1.999999999999999556e-01
2.979868461363392118e+00 1.064275867407901588e+00 0.000000000000000000e+00
2.979868461363392118e+00 1.064275867407901588e+00 9.999999999999997780e-02
2.979868461363392118e+00 1.064275867407901588e+00 1.999999999999999556e-01
2.900828776557145883e+00 1.247995023256520675e+00 0.000000000000000000e+00
2.900828776557145883e+00 1.247995023256520675e+00 9.999999999999996392e-02
2.900828776557145883e+00 1.247995023256520675e+00 1.999999999999999556e-01
2.821789091750899647e+00 1.431714179105139984e+00 0.000000000000000000e+00
2.821789091750900536e+00 1.431714179105140206e+00 9.999999999999997780e-02
2.821789091750899647e+00 1.431714179105139984e+00 1.999999999999999556e-01
2.742749406944653412e+00 1.615433334953759070e+00 0.000000000000000000e+00
2.742749406944653412e+00 1.615433334953759070e+00 9.999999999999996392e-02
2.742749406944653412e+00 1.615433334953759070e+00 1.999999999999999556e-01
2.663709722138407177e+00 1.799152490802378379e+00 0.000000000000000000e+00
2.663709722138407177e+00 1.799152490802378379e+00 9.999999999999997780e-02
2.663709722138407177e+00 1.799152490802378379e+00 1.999999999999999556e-01
2.584670037332160497e+00 1.982871646650997688e+00 0.000000000000000000e+00
2.584670037332161385e+00 1.982871646650998132e+00 9.999999999999996392e-02
2.584670037332160497e+00 1.982871646650997688e+00 1.999999999999999556e-01
2.505630352525914262e+00 2.166590802499616331e+00 0.000000000000000000e+00
2.505630352525914262e+00 2.166590802499616331e+00 9.999999999999997780e-02
2.505630352525914262e+00 2.166590802499616331e+00 1.999999999999999556e-01
3.537762931968138069e+00 4.333988292848007795e-01 0.000000000000000000e+00
3.537762931968138069e+00 4.333988292848007795e-01 9.999999999999997780e-02
3.537762931968138069e+00 4.333988292848007795e-01 1.999999999999999556e-01
3.458723247161891390e+00 6.171179851334198663e-01 0.000000000000000000e+00
3.458723247161891390e+00 6.171179851334198663e-01 9.999999999999997780e-02
3.458723247161891390e+00 6.171179851334198663e-01 1.999999999999999556e-01
3.379683562355645154e+00 8.008371409820391751e-01 0.000000000000000000e+00
3.379683562355645154e+00 8.008371409820391751e-01 9.999999999999997780e-02
3.379683562355645154e+00 8.008371409820391751e-01 1.999999999999999556e-01
3.300643877549401140e+00 9.845562968306592611e-01 0.000000000000000000e+00
3.300643877549401140e+00 9.845562968306592611e-01 9.999999999999997780e-02
3.300643877549401140e+00 9.845562968306592611e-01 1.999999999999999556e-01
3.221604192743154904e+00 1.168275452679278459e+00 0.000000000000000000e+00
3.221604192743154904e+00 1.168275452679278459e+00 9.999999999999997780e-02
3.221604192743154904e+00 1.168275452679278459e+00 1.999999999999999556e-01
3.142564507936908669e+00 1.351994608527897546e+00 0.000000000000000000e+00
3.142564507936908669e+00 1.351994608527897546e+00 9.999999999999997780e-02
3.142564507936908669e+00 1.351994608527897546e+00 1.999999999999999556e-01
3.063524823130662433e+00 1.535713764376516854e+00 0.000000000000000000e+00
3.063524823130662433e+00 1.535713764376516854e+00 9.999999999999997780e-02
3.063524823130662433e+00 1.535713764376516854e+00 1.999999999999999556e-01
2.984485138324416198e+00 1.719432920225135941e+00 0.000000000000000000e+00
2.984485138324416198e+00 1.719432920225135941e+00 9.999999999999997780e-02
2.984485138324416198e+00 1.719432920225135941e+00 1.999999999999999556e-01
2.905445453518167742e+00 1.903152076073754362e+00 0.000000000000000000e+00
2.905445453518167742e+00 1.903152076073754362e+00 9.999999999999997780e-02
2.905445453518167742e+00 1.903152076073754362e+00 1.999999999999999556e-01
2.826405768711921507e+00 2.086871231922373227e+00 0.000000000000000000e+00
2.826405768711921507e+00 2.086871231922373227e+00 9.999999999999997780e-02
2.826405768711921507e+00 2.086871231922373227e+00 1.999999999999999556e-01
2.747366083905674827e+00 2.270590387770992535e+00 0.000000000000000000e+00
2.747366083905674827e+00 2.270590387770992535e+00 9.999999999999997780e-02
2.747366083905674827e+00 2.270590387770992535e+00 1.999999999999999556e-01
3.779498663347899523e+00 5.373984145561772063e-01 0.000000000000000000e+00
3.779498663347899523e+00 5.373984145561772063e-01 9.999999999999997780e-02
3.779498663347899523e+00 5.373984145561772063e-01 1.999999999999999556e-01
3.700458978541652844e+00 7.211175704047962931e-01 0.000000000000000000e+00
3.700458978541653288e+00 7.211175704047961821e-01 9.999999999999996392e-02
3.700458978541652844e+00 7.211175704047962931e-01 1.999999999999999556e-01
3.621419293735406608e+00 9.048367262534156019e-01 0.000000000000000000e+00
3.621419293735406608e+00 9.048367262534156019e-01 9.999999999999997780e-02
3.621419293735406608e+00 9.048367262534156019e-01 1.999999999999999556e-01
3.542379608929160373e+00 1.088555882102034911e+00 0.000000000000000000e+00
3.542379608929159485e+00 1.088555882102034245e+00 9.999999999999996392e-02
3.542379608929160373e+00 1.088555882102034911e+00 1.999999999999999556e-01
3.463339924122914582e+00 1.272275037950654220e+00 0.000000000000000000e+00
3.463339924122914582e+00 1.272275037950654220e+00 9.999999999999997780e-02
3.463339924122914582e+00 1.272275037950654220e+00 1.999999999999999556e-01
3.384300239316668346e+00 1.455994193799273306e+00 0.000000000000000000e+00
3.384300239316668346e+00 1.455994193799273306e+00 9.999999999999996392e-02
3.384300239316668346e+00 1.455994193799273306e+00 1.999999999999999556e-01
3.305260554510422111e+00 1.639713349647892615e+00 0.000000000000000000e+00
3.305260554510422111e+00 1.639713349647892615e+00 9.999999999999997780e-02
3.305260554510422111e+00 1.639713349647892615e+00 1.999999999999999556e-01
3.226220869704175431e+00 1.823432505496511480e+00 0.000000000000000000e+00
3.226220869704175431e+00 1.823432505496511480e+00 9.999999999999996392e-02
3.226220869704175431e+00 1.823432505496511480e+00 1.999999999999999556e-01
3.147181184897929196e+00 2.007151661345130567e+00 0.000000000000000000e+00
3.147181184897929196e+00 2.007151661345130567e+00 9.999999999999997780e-02
3.147181184897929196e+00 2.007151661345130567e+00 1.999999999999999556e-01
3.068141500091682516e+00 2.190870817193749875e+00 0.000000000000000000e+00
3.068141500091682516e+00 2.190870817193750320e+00 9.999999999999996392e-02
3.068141500091682516e+00 2.190870817193749875e+00 1.999999999999999556e-01
2.989101815285436281e+00 2.374589973042368740e+00 0.000000000000000000e+00
2.989101815285436281e+00 2.374589973042368740e+00 9.999999999999997780e-02
2.989101815285436281e+00 2.374589973042368740e+00 1.999999999999999556e-01
4.021234394727660977e+00 6.413979998275538552e-01 0.000000000000000000e+00
4.021234394727660977e+00 6.413979998275538552e-01 9.999999999999997780e-02
4.021234394727660977e+00 6.413979998275538552e-01 1.999999999999999556e-01
3.942194709921414741e+00 8.251171556761729420e-01 0.000000000000000000e+00
3.942194709921414741e+00 8.251171556761729420e-01 9.999999999999997780e-02
3.942194709921414741e+00 8.251171556761729420e-01 1.999999999999999556e-01
3.863155025115166286e+00 1.008836311524791363e+00 0.000000000000000000e+00
3.863155025115166286e+00 1.008836311524791363e+00 9.999999999999997780e-02
3.863155025115166286e+00 1.008836311524791363e+00 1.999999999999999556e-01
3.784115340308922271e+00 1.192555467373411560e+00 0.000000000000000000e+00
3.784115340308922271e+00 1.192555467373411560e+00 9.999999999999997780e-02
3.784115340308922271e+00 1.192555467373411560e+00 1.999999999999999556e-01
3.705075655502676035e+00 1.376274623222030646e+00 0.000000000000000000e+00
3.705075655502676035e+00 1.376274623222030646e+00 9.999999999999997780e-02
3.705075655502676035e+00 1.376274623222030646e+00 1.999999999999999556e-01
3.626035970696429800e+00 1.559993779070649733e+00 0.000000000000000000e+00
3.626035970696429800e+00 1.559993779070649733e+00 9.999999999999997780e-02
3.626035970696429800e+00 1.559993779070649733e+00 1.999999999999999556e-01
3.546996285890183565e+00 1.743712934919269042e+00 0.000000000000000000e+00
3.546996285890183565e+00 1.743712934919269042e+00 9.999999999999997780e-02
3.546996285890183565e+00 1.743712934919269042e+00 1.999999999999999556e-01
3.467956601083937329e+00 1.927432090767888129e+00 0.000000000000000000e+00
3.467956601083937329e+00 1.927432090767888129e+00 9.999999999999997780e-02
3.467956601083937329e+00 1.927432090767888129e+00 1.999999999999999556e-01
3.388916916277691094e+00 2.111151246616507215e+00 0.000000000000000000e+00
3.388916916277691094e+00 2.111151246616507215e+00 9.999999999999997780e-02
3.388916916277691094e+00 2.111151246616507215e+00 1.999999999999999556e-01
3.309877231471444858e+00 2.294870402465126524e+00 0.000000000000000000e+00
3.309877231471444858e+00 2.294870402465126524e+00 9.999999999999997780e-02
3.309877231471444858e+00 2.294870402465126524e+00 1.999999999999999556e-01
3.230837546665198623e+00 2.478589558313745833e+00 0.000000000000000000e+00
3.230837546665198623e+00 2.478589558313745833e+00 9.999999999999997780e-02
3.230837546665198623e+00 2.478589558313745833e+00 1.999999999999999556e-01
4.262970126107423319e+00 7.453975850989307261e-01 0.000000000000000000e+00
4.262970126107423319e+00 7.453975850989307261e-01 9.999999999999997780e-02
4.262970126107423319e+00 7.453975850989307261e-01 1.999999999999999556e-01
4.183930441301177083e+00 9.291167409475498129e-01 0.000000000000000000e+00
4.183930441301176195e+00 9.291167409475492578e-01 9.999999999999996392e-02
4.183930441301177083e+00 9.291167409475498129e-01 1.999999999999999556e-01
4.104890756494929072e+00 1.112835896796168234e+00 0.000000000000000000e+00
4.104890756494929072e+00 1.112835896796168234e+00 9.999999999999997780e-02
4.104890756494929072e+00 1.112835896796168234e+00 1.999999999999999556e-01
4.025851071688684613e+00 1.296555052644788431e+00 0.000000000000000000e+00
4.025851071688683724e+00 1.296555052644787764e+00 9.999999999999996392e-02
4.025851071688684613e+00 1.296555052644788431e+00 1.999999999999999556e-01
3.946811386882438377e+00 1.480274208493407517e+00 0.000000000000000000e+00
3.946811386882438377e+00 1.480274208493407517e+00 9.999999999999997780e-02
3.946811386882438377e+00 1.480274208493407517e+00 1.999999999999999556e-01
3.867771702076192142e+00 1.663993364342026604e+00 0.000000000000000000e+00
3.867771702076192142e+00 1.663993364342026604e+00 9.999999999999996392e-02
3.867771702076192142e+00 1.663993364342026604e+00 1.999999999999999556e-01
3.788732017269945906e+00 1.847712520190645913e+00 0.000000000000000000e+00
3.788732017269945906e+00 1.847712520190645913e+00 9.999999999999997780e-02
3.788732017269945906e+00 1.847712520190645913e+00 1.999999999999999556e-01
3.709692332463699671e+00 2.031431676039265000e+00 0.000000000000000000e+00
3.709692332463699671e+00 2.031431676039265000e+00 9.999999999999996392e-02
3.709692332463699671e+00 2.031431676039265000e+00 1.999999999999999556e-01
3.630652647657453436e+00 2.215150831887884308e+00 0.000000000000000000e+00
3.630652647657453436e+00 2.215150831887884308e+00 9.999999999999997780e-02
3.630652647657453436e+00 2.215150831887884308e+00 1.999999999999999556e-01
3.551612962851206756e+00 2.398869987736503617e+00 0.000000000000000000e+00
3.551612962851206756e+00 2.398869987736504061e+00 9.999999999999996392e-02
3.551612962851206756e+00 2.398869987736503617e+00 1.999999999999999556e-01
3.472573278044960965e+00 2.582589143585122482e+00 0.000000000000000000e+00
3.472573278044960965e+00 2.582589143585122482e+00 9.999999999999997780e-02
3.472573278044960965e+00 2.582589143585122482e+00 1.999999999999999556e-01
4.504705857487185661e+00 8.493971703703073750e-01 0.000000000000000000e+00
4.504705857487185661e+00 8.493971703703073750e-01 9.999999999999997780e-02
4.504705857487185661e+00 8.493971703703073750e-01 1.999999999999999556e-01
4.425666172680939425e+00 1.033116326218926462e+00 0.000000000000000000e+00
4.425666172680939425e+00 1.033116326218926462e+00 9.999999999999997780e-02
4.425666172680939425e+00 1.033116326218926462e+00 1.999999999999999556e-01
4.346626487874691414e+00 1.216835482067545104e+00 0.000000000000000000e+00
4.346626487874691414e+00 1.216835482067545104e+00 9.999999999999997780e-02
4.346626487874691414e+00 1.216835482067545104e+00 1.999999999999999556e-01
4.267586803068446955e+00 1.400554637916165079e+00 0.000000000000000000e+00
4.267586803068446955e+00 1.400554637916165079e+00 9.999999999999997780e-02
4.267586803068446955e+00 1.400554637916165079e+00 1.999999999999999556e-01
4.188547118262200719e+00 1.584273793764784166e+00 0.000000000000000000e+00
4.188547118262200719e+00 1.584273793764784166e+00 9.999999999999997780e-02
4.188547118262200719e+00 1.584273793764784166e+00 1.999999999999999556e-01
4.109507433455954484e+00 1.767992949613403253e+00 0.000000000000000000e+00
4.109507433455954484e+00 1.767992949613403253e+00 9.999999999999997780e-02
4.109507433455954484e+00 1.767992949613403253e+00 1.999999999999999556e-01
4.030467748649708248e+00 1.951712105462022562e+00 0.000000000000000000e+00
4.030467748649708248e+00 1.951712105462022562e+00 9.999999999999997780e-02
4.030467748649708248e+00 1.951712105462022562e+00 1.999999999999999556e-01
3.951428063843462013e+00 2.135431261310641649e+00 0.000000000000000000e+00
3.951428063843462013e+00 2.135431261310641649e+00 9.999999999999997780e-02
3.951428063843462013e+00 2.135431261310641649e+00 1.999999999999999556e-01
3.872388379037215778e+00 2.319150417159260957e+00 0.000000000000000000e+00
3.872388379037215778e+00 2.319150417159260957e+00 9.999999999999997780e-02
3.872388379037215778e+00 2.319150417159260957e+00 1.999999999999999556e-01
3.793348694230969542e+00 2.502869573007879822e+00 0.000000000000000000e+00
3.793348694230969542e+00 2.502869573007879822e+00 9.999999999999997780e-02
3.793348694230969542e+00 2.502869573007879822e+00 1.999999999999999556e-01
3.714309009424723307e+00 2.686588728856499131e+00 0.000000000000000000e+00
3.714309009424723307e+00 2.686588728856499131e+00 9.999999999999997780e-02
3.714309009424723307e+00 2.686588728856499131e+00 1.999999999999999556e-01
4.746441588866948891e+00 9.533967556416846900e-01 0.000000000000000000e+00
4.746441588866948891e+00 9.533967556416846900e-01 9.999999999999997780e-02
4.746441588866948891e+00 9.533967556416846900e-01 1.999999999999999556e-01
4.667401904060702655e+00 1.137115911490303777e+00 0.000000000000000000e+00
4.667401904060702655e+00 1.137115911490303555e+00 9.999999999999996392e-02
4.667401904060702655e+00 1.137115911490303777e+00 1.999999999999999556e-01
4.588362219254456420e+00 1.320835067338923086e+00 0.000000000000000000e+00
4.588362219254456420e+00 1.320835067338923086e+00 9.999999999999997780e-02
4.588362219254456420e+00 1.320835067338923086e+00 1.999999999999999556e-01
4.509322534448210185e+00 1.504554223187542394e+00 0.000000000000000000e+00
4.509322534448210185e+00 1.504554223187542172e+00 9.999999999999996392e-02
4.509322534448210185e+00 1.504554223187542394e+00 1.999999999999999556e-01
4.430282849641963949e+00 1.688273379036161481e+00 0.000000000000000000e+00
4.430282849641963949e+00 1.688273379036161481e+00 9.999999999999997780e-02
4.430282849641963949e+00 1.688273379036161481e+00 1.999999999999999556e-01
4.351243164835717714e+00 1.871992534884780568e+00 0.000000000000000000e+00
4.351243164835717714e+00 1.871992534884780568e+00 9.999999999999996392e-02
4.351243164835717714e+00 1.871992534884780568e+00 1.999999999999999556e-01
4.272203480029471478e+00 2.055711690733399877e+00 0.000000000000000000e+00
4.272203480029471478e+00 2.055711690733399877e+00 9.999999999999997780e-02
4.272203480029471478e+00 2.055711690733399877e+00 1.999999999999999556e-01
4.193163795223225243e+00 2.239430846582019186e+00 0.000000000000000000e+00
4.193163795223225243e+00 2.239430846582019186e+00 9.999999999999996392e-02
4.193163795223225243e+00 2.239430846582019186e+00 1.999999999999999556e-01
4.114124110416979008e+00 2.423150002430638050e+00 0.000000000000000000e+00
4.114124110416979008e+00 2.423150002430638050e+00 9.999999999999997780e-02
4.114124110416979008e+00 2.423150002430638050e+00 1.999999999999999556e-01
4.035084425610732772e+00 2.606869158279257359e+00 0.000000000000000000e+00
4.035084425610732772e+00 2.606869158279257803e+00 9.999999999999996392e-02
4.035084425610732772e+00 2.606869158279257359e+00 1.999999999999999556e-01
3.956044740804486537e+00 2.790588314127876224e+00 0.000000000000000000e+00
3.956044740804486537e+00 2.790588314127876224e+00 9.999999999999997780e-02
3.956044740804486537e+00 2.790588314127876224e+00 1.999999999999999556e-01
4.988177320246710345e+00 1.057396340913061117e+00 0.000000000000000000e+00
4.988177320246710345e+00 1.057396340913061117e+00 9.999999999999997780e-02
4.988177320246710345e+00 1.057396340913061117e+00 1.999999999999999556e-01
4.909137635440464109e+00 1.241115496761680204e+00 0.000000000000000000e+00
4.909137635440464109e+00 1.241115496761680204e+00 9.999999999999997780e-02
4.909137635440464109e+00 1.241115496761680204e+00 1.999999999999999556e-01
4.830097950634217874e+00 1.424834652610299512e+00 0.000000000000000000e+00
4.830097950634217874e+00 1.424834652610299512e+00 9.999999999999997780e-02
4.830097950634217874e+00 1.424834652610299512e+00 1.999999999999999556e-01
4.751058265827971638e+00 1.608553808458918821e+00 0.000000000000000000e+00
4.751058265827971638e+00 1.608553808458918821e+00 9.999999999999997780e-02
4.751058265827971638e+00 1.608553808458918821e+00 1.999999999999999556e-01
4.672018581021725403e+00 1.792272964307537908e+00 0.000000000000000000e+00
4.672018581021725403e+00 1.792272964307537908e+00 9.999999999999997780e-02
4.672018581021725403e+00 1.792272964307537908e+00 1.999999999999999556e-01
4.592978896215479168e+00 1.975992120156156995e+00 0.000000000000000000e+00
4.592978896215479168e+00 1.975992120156156995e+00 9.999999999999997780e-02
4.592978896215479168e+00 1.975992120156156995e+00 1.999999999999999556e-01
4.513939211409232932e+00 2.159711276004776526e+00 0.000000000000000000e+00
4.513939211409232932e+00 2.159711276004776526e+00 9.999999999999997780e-02
4.513939211409232932e+00 2.159711276004776526e+00 1.999999999999999556e-01
4.434899526602986697e+00 2.343430431853395390e+00 0.000000000000000000e+00
4.434899526602986697e+00 2.343430431853395834e+00 9.999999999999997780e-02
4.434899526602986697e+00 2.343430431853395390e+00 1.999999999999999556e-01
4.355859841796740461e+00 2.527149587702014699e+00 0.000000000000000000e+00
4.355859841796740461e+00 2.527149587702014699e+00 9.999999999999997780e-02
4.355859841796740461e+00 2.527149587702014699e+00 1.999999999999999556e-01
4.276820156990494226e+00 2.710868743550633564e+00 0.000000000000000000e+00
4.276820156990494226e+00 2.710868743550633564e+00 9.999999999999997780e-02
4.276820156990494226e+00 2.710868743550633564e+00 1.999999999999999556e-01
4.197780472184247991e+00 2.894587899399252873e+00 0.000000000000000000e+00
4.197780472184247991e+00 2.894587899399252873e+00 9.999999999999997780e-02
4.197780472184247991e+00 2.894587899399252873e+00 1.999999999999999556e-01
